product name,location name,latitude (deg),longitude (deg),year,amount (tonne),amount disposed (tonne),marginal cost ($/tonne),acquisition cost ($),disposal cost ($)
PV Modules Materials,"Gila County, Arizona",34.183878,-111.605691,1,3409.758370135143,0.0,10061.78,0.0,0.0
PV Modules Materials,"Gila County, Arizona",34.183878,-111.605691,2,3348.168557889734,0.0,10056.96,0.0,0.0
PV Modules Materials,"Gila County, Arizona",34.183878,-111.605691,3,5820.307927315118,0.0,10027.8,0.0,0.0
PV Modules Materials,"Gila County, Arizona",34.183878,-111.605691,4,5764.29606084435,0.0,10025.08,0.0,0.0
PV Modules Materials,"Gila County, Arizona",34.183878,-111.605691,5,9407.86319795027,0.0,10100.83,0.0,0.0
PV Modules Materials,"Gila County, Arizona",34.183878,-111.605691,6,9295.03491136812,0.0,10096.38,0.0,0.0
PV Modules Materials,"Gila County, Arizona",34.183878,-111.605691,7,5463.97581680292,0.0,9901.74,0.0,0.0
PV Modules Materials,"Gila County, Arizona",34.183878,-111.605691,8,5415.572472394028,0.0,9901.7,0.0,0.0
PV Modules Materials,"Gila County, Arizona",34.183878,-111.605691,9,4953.026059579001,0.0,10129.07,0.0,0.0
PV Modules Materials,"Gila County, Arizona",34.183878,-111.605691,10,4928.62527538527,0.0,10129.07,0.0,0.0
PV Modules Materials,"Gila County, Arizona",34.183878,-111.605691,11,16794.07717276233,0.0,10093.11,0.0,0.0
PV Modules Materials,"Gila County, Arizona",34.183878,-111.605691,12,16728.028642390374,0.0,10093.11,0.0,0.0
PV Modules Materials,"Gila County, Arizona",34.183878,-111.605691,13,3637.9230149708455,0.0,9901.61,0.0,0.0
PV Modules Materials,"Gila County, Arizona",34.183878,-111.605691,14,3625.160449216751,0.0,9901.61,0.0,0.0
PV Modules Materials,"Gila County, Arizona",34.183878,-111.605691,15,2757.2572259132635,0.0,9513.98,0.0,0.0
PV Modules Materials,"Gila County, Arizona",34.183878,-111.605691,16,2748.5268202679645,0.0,9513.98,0.0,0.0
PV Modules Materials,"Gila County, Arizona",34.183878,-111.605691,17,2979.80230607665,0.0,9857.18,0.0,0.0
PV Modules Materials,"Gila County, Arizona",34.183878,-111.605691,18,2971.204996458097,0.0,9857.02,0.0,0.0
PV Modules Materials,"Gila County, Arizona",34.183878,-111.605691,19,21868.357704914954,0.0,9846.01,0.0,0.0
PV Modules Materials,"Gila County, Arizona",34.183878,-111.605691,20,21810.408472455565,0.0,9846.01,0.0,0.0
PV Modules Materials,"Gila County, Arizona",34.183878,-111.605691,21,15061.080671546222,0.0,10024.04,0.0,0.0
PV Modules Materials,"Gila County, Arizona",34.183878,-111.605691,22,15024.179294194159,0.0,10024.04,0.0,0.0
PV Modules Materials,"Gila County, Arizona",34.183878,-111.605691,23,18042.09650546177,0.0,9834.98,0.0,0.0
PV Modules Materials,"Gila County, Arizona",34.183878,-111.605691,24,18000.99053631208,0.0,9834.98,0.0,0.0
PV Modules Materials,"Gila County, Arizona",34.183878,-111.605691,25,2818.396526340737,0.0,9998.7,0.0,0.0
PV Modules Materials,"Gila County, Arizona",34.183878,-111.605691,26,2812.3959665342563,0.0,9998.7,0.0,0.0
PV Modules Materials,"San Bernardino, California",35.120104,-117.159039,1,286980.7081495048,0.0,10109.67,0.0,0.0
PV Modules Materials,"San Bernardino, California",35.120104,-117.159039,2,281797.03059399466,0.0,10105.11,0.0,0.0
PV Modules Materials,"San Bernardino, California",35.120104,-117.159039,3,253037.5707425924,0.0,10073.32,0.0,0.0
PV Modules Materials,"San Bernardino, California",35.120104,-117.159039,4,250602.45789263363,0.0,10070.6,0.0,0.0
PV Modules Materials,"San Bernardino, California",35.120104,-117.159039,5,213907.72903601493,0.0,10149.28,0.0,0.0
PV Modules Materials,"San Bernardino, California",35.120104,-117.159039,6,211342.3385699769,0.0,10144.83,0.0,0.0
PV Modules Materials,"San Bernardino, California",35.120104,-117.159039,7,162514.9560920515,0.0,9944.59,0.0,0.0
PV Modules Materials,"San Bernardino, California",35.120104,-117.159039,8,161075.2960981092,0.0,9944.56,0.0,0.0
PV Modules Materials,"San Bernardino, California",35.120104,-117.159039,9,100345.29795823868,0.0,10177.47,0.0,0.0
PV Modules Materials,"San Bernardino, California",35.120104,-117.159039,10,99850.95289910065,0.0,10177.47,0.0,0.0
PV Modules Materials,"San Bernardino, California",35.120104,-117.159039,11,64209.41934234328,0.0,10135.97,0.0,0.0
PV Modules Materials,"San Bernardino, California",35.120104,-117.159039,12,63956.893541730846,0.0,10135.97,0.0,0.0
PV Modules Materials,"San Bernardino, California",35.120104,-117.159039,13,27638.095556268156,0.0,9944.47,0.0,0.0
PV Modules Materials,"San Bernardino, California",35.120104,-117.159039,14,27541.135557278834,0.0,9944.47,0.0,0.0
PV Modules Materials,"San Bernardino, California",35.120104,-117.159039,15,18906.748468253398,0.0,9562.6,0.0,0.0
PV Modules Materials,"San Bernardino, California",35.120104,-117.159039,16,18846.88333053241,0.0,9562.6,0.0,0.0
PV Modules Materials,"San Bernardino, California",35.120104,-117.159039,17,37647.38744196263,0.0,9902.35,0.0,0.0
PV Modules Materials,"San Bernardino, California",35.120104,-117.159039,18,37538.76740179816,0.0,9902.2,0.0,0.0
PV Modules Materials,"San Bernardino, California",35.120104,-117.159039,19,23024.662528467758,0.0,9888.86,0.0,0.0
PV Modules Materials,"San Bernardino, California",35.120104,-117.159039,20,22963.64918950718,0.0,9888.86,0.0,0.0
PV Modules Materials,"San Bernardino, California",35.120104,-117.159039,21,186237.55401149634,0.0,10072.49,0.0,0.0
PV Modules Materials,"San Bernardino, California",35.120104,-117.159039,22,185781.25061550646,0.0,10072.49,0.0,0.0
PV Modules Materials,"San Bernardino, California",35.120104,-117.159039,23,121027.42668000178,0.0,9877.84,0.0,0.0
PV Modules Materials,"San Bernardino, California",35.120104,-117.159039,24,120751.68546190843,0.0,9877.84,0.0,0.0
PV Modules Materials,"San Bernardino, California",35.120104,-117.159039,25,44374.36514253111,0.0,10041.56,0.0,0.0
PV Modules Materials,"San Bernardino, California",35.120104,-117.159039,26,44279.88907096921,0.0,10041.56,0.0,0.0
PV Modules Materials,"Sac County, Iowa",42.419352,-95.026345,1,409.38860609989894,0.0,9934.4,0.0,0.0
PV Modules Materials,"Sac County, Iowa",42.419352,-95.026345,2,401.9938981329227,0.0,9930.4,0.0,0.0
PV Modules Materials,"Sac County, Iowa",42.419352,-95.026345,3,297.8744506113589,0.0,9902.74,0.0,0.0
PV Modules Materials,"Sac County, Iowa",42.419352,-95.026345,4,295.0078490223956,0.0,9900.02,0.0,0.0
PV Modules Materials,"Sac County, Iowa",42.419352,-95.026345,5,74795.49276833283,0.0,9992.61,0.0,0.0
PV Modules Materials,"Sac County, Iowa",42.419352,-95.026345,6,73898.47214680025,0.0,9984.84,0.0,0.0
PV Modules Materials,"Sac County, Iowa",42.419352,-95.026345,7,594.1671887298611,0.0,9780.25,0.0,0.0
PV Modules Materials,"Sac County, Iowa",42.419352,-95.026345,8,588.903680977116,0.0,9779.55,0.0,0.0
PV Modules Materials,"Sac County, Iowa",42.419352,-95.026345,9,13424.618194928618,0.0,10014.95,0.0,0.0
PV Modules Materials,"Sac County, Iowa",42.419352,-95.026345,10,13358.48262295354,0.0,10014.87,0.0,0.0
PV Modules Materials,"Sac County, Iowa",42.419352,-95.026345,11,745.8968846759243,0.0,9969.56,0.0,0.0
PV Modules Materials,"Sac County, Iowa",42.419352,-95.026345,12,742.963386601867,0.0,9969.55,0.0,0.0
PV Modules Materials,"Sac County, Iowa",42.419352,-95.026345,13,822.1791557534584,0.0,9779.71,0.0,0.0
PV Modules Materials,"Sac County, Iowa",42.419352,-95.026345,14,819.2947858825821,0.0,9779.71,0.0,0.0
PV Modules Materials,"Sac County, Iowa",42.419352,-95.026345,15,851.1227008436942,0.0,9383.48,0.0,0.0
PV Modules Materials,"Sac County, Iowa",42.419352,-95.026345,16,848.4277595221326,0.0,9383.48,0.0,0.0
PV Modules Materials,"Sac County, Iowa",42.419352,-95.026345,17,883.9623619734803,0.0,9766.47,0.0,0.0
PV Modules Materials,"Sac County, Iowa",42.419352,-95.026345,18,881.4119585116349,0.0,9766.47,0.0,0.0
PV Modules Materials,"Sac County, Iowa",42.419352,-95.026345,19,47235.62408274955,0.0,9767.65,0.0,0.0
PV Modules Materials,"Sac County, Iowa",42.419352,-95.026345,20,47110.453816318426,0.0,9767.65,0.0,0.0
PV Modules Materials,"Sac County, Iowa",42.419352,-95.026345,21,337.9195953816539,0.0,9896.78,0.0,0.0
PV Modules Materials,"Sac County, Iowa",42.419352,-95.026345,22,337.09165356421215,0.0,9896.78,0.0,0.0
PV Modules Materials,"Sac County, Iowa",42.419352,-95.026345,23,429.57804780280594,0.0,9767.66,0.0,0.0
PV Modules Materials,"Sac County, Iowa",42.419352,-95.026345,24,428.59932440583157,0.0,9767.66,0.0,0.0
PV Modules Materials,"Sac County, Iowa",42.419352,-95.026345,25,459124.15664097515,0.0,9938.42,0.0,0.0
PV Modules Materials,"Sac County, Iowa",42.419352,-95.026345,26,458146.649773231,0.0,9938.42,0.0,0.0
PV Modules Materials,"Richland County, Wisconsin",43.415603,-90.499373,1,80955.95092211557,0.0,9906.06,0.0,0.0
PV Modules Materials,"Richland County, Wisconsin",43.415603,-90.499373,2,79493.65908903065,0.0,9902.2,0.0,0.0
PV Modules Materials,"Richland County, Wisconsin",43.415603,-90.499373,3,351.72444863825257,0.0,9887.8,0.0,0.0
PV Modules Materials,"Richland County, Wisconsin",43.415603,-90.499373,4,348.3396203615263,0.0,9885.07,0.0,0.0
PV Modules Materials,"Richland County, Wisconsin",43.415603,-90.499373,5,566.8461412861694,0.0,9973.36,0.0,0.0
PV Modules Materials,"Richland County, Wisconsin",43.415603,-90.499373,6,560.0479685734798,0.0,9964.39,0.0,0.0
PV Modules Materials,"Richland County, Wisconsin",43.415603,-90.499373,7,705.102513667755,0.0,9759.09,0.0,0.0
PV Modules Materials,"Richland County, Wisconsin",43.415603,-90.499373,8,698.8562708297687,0.0,9758.29,0.0,0.0
PV Modules Materials,"Richland County, Wisconsin",43.415603,-90.499373,9,781.9042660753346,0.0,10000.99,0.0,0.0
PV Modules Materials,"Richland County, Wisconsin",43.415603,-90.499373,10,778.0522618607062,0.0,10000.91,0.0,0.0
PV Modules Materials,"Richland County, Wisconsin",43.415603,-90.499373,11,787.9867041626939,0.0,9948.34,0.0,0.0
PV Modules Materials,"Richland County, Wisconsin",43.415603,-90.499373,12,784.8876732825096,0.0,9948.34,0.0,0.0
PV Modules Materials,"Richland County, Wisconsin",43.415603,-90.499373,13,742.359009644419,0.0,9759.08,0.0,0.0
PV Modules Materials,"Richland County, Wisconsin",43.415603,-90.499373,14,739.7546649029987,0.0,9759.08,0.0,0.0
PV Modules Materials,"Richland County, Wisconsin",43.415603,-90.499373,15,118.6081594349233,0.0,9354.08,0.0,0.0
PV Modules Materials,"Richland County, Wisconsin",43.415603,-90.499373,16,118.23260602808938,0.0,9354.08,0.0,0.0
PV Modules Materials,"Richland County, Wisconsin",43.415603,-90.499373,17,109.62799635951266,0.0,9743.96,0.0,0.0
PV Modules Materials,"Richland County, Wisconsin",43.415603,-90.499373,18,109.31169825287576,0.0,9743.81,0.0,0.0
PV Modules Materials,"Richland County, Wisconsin",43.415603,-90.499373,19,100.73046937949464,0.0,9753.69,0.0,0.0
PV Modules Materials,"Richland County, Wisconsin",43.415603,-90.499373,20,100.46354245866308,0.0,9753.69,0.0,0.0
PV Modules Materials,"Richland County, Wisconsin",43.415603,-90.499373,21,112.27727995874795,0.0,9880.36,0.0,0.0
PV Modules Materials,"Richland County, Wisconsin",43.415603,-90.499373,22,112.00218772823834,0.0,9880.12,0.0,0.0
PV Modules Materials,"Richland County, Wisconsin",43.415603,-90.499373,23,121002.15391366131,0.0,9756.11,0.0,0.0
PV Modules Materials,"Richland County, Wisconsin",43.415603,-90.499373,24,120726.47027543698,0.0,9756.11,0.0,0.0
PV Modules Materials,"Richland County, Wisconsin",43.415603,-90.499373,25,159.45356956993027,0.0,9917.79,0.0,0.0
PV Modules Materials,"Richland County, Wisconsin",43.415603,-90.499373,26,159.1140819670969,0.0,9917.79,0.0,0.0
PV Modules Materials,"Powhatan County, Virginia",37.641073,-78.022226,1,37891.39674018162,0.0,9787.35,0.0,0.0
PV Modules Materials,"Powhatan County, Virginia",37.641073,-78.022226,2,37206.971699573376,0.0,9783.48,0.0,0.0
PV Modules Materials,"Powhatan County, Virginia",37.641073,-78.022226,3,272916.75856489316,0.0,9793.18,0.0,0.0
PV Modules Materials,"Powhatan County, Virginia",37.641073,-78.022226,4,270290.3378962151,0.0,9792.8,0.0,0.0
PV Modules Materials,"Powhatan County, Virginia",37.641073,-78.022226,5,171284.17938790866,0.0,9887.62,0.0,0.0
PV Modules Materials,"Powhatan County, Virginia",37.641073,-78.022226,6,169229.97217078228,0.0,9877.87,0.0,0.0
PV Modules Materials,"Powhatan County, Virginia",37.641073,-78.022226,7,32071.77328362048,0.0,9643.77,0.0,0.0
PV Modules Materials,"Powhatan County, Virginia",37.641073,-78.022226,8,31787.66128530655,0.0,9641.99,0.0,0.0
PV Modules Materials,"Powhatan County, Virginia",37.641073,-78.022226,9,258501.25720645057,0.0,9964.62,0.0,0.0
PV Modules Materials,"Powhatan County, Virginia",37.641073,-78.022226,10,257227.76635156118,0.0,9963.06,0.0,0.0
PV Modules Materials,"Powhatan County, Virginia",37.641073,-78.022226,11,54677.993437997,0.0,9880.95,0.0,0.0
PV Modules Materials,"Powhatan County, Virginia",37.641073,-78.022226,12,54462.953273948886,0.0,9880.95,0.0,0.0
PV Modules Materials,"Powhatan County, Virginia",37.641073,-78.022226,13,281835.77607107005,0.0,9693.07,0.0,0.0
PV Modules Materials,"Powhatan County, Virginia",37.641073,-78.022226,14,280847.0394735222,0.0,9693.07,0.0,0.0
PV Modules Materials,"Powhatan County, Virginia",37.641073,-78.022226,15,10379.713792881832,0.0,9242.97,0.0,0.0
PV Modules Materials,"Powhatan County, Virginia",37.641073,-78.022226,16,10346.848120777575,0.0,9242.97,0.0,0.0
PV Modules Materials,"Powhatan County, Virginia",37.641073,-78.022226,17,11799.631651682845,0.0,9628.2,0.0,0.0
PV Modules Materials,"Powhatan County, Virginia",37.641073,-78.022226,18,11765.587417779298,0.0,9628.05,0.0,0.0
PV Modules Materials,"Powhatan County, Virginia",37.641073,-78.022226,19,28715.82450758096,0.0,9655.45,0.0,0.0
PV Modules Materials,"Powhatan County, Virginia",37.641073,-78.022226,20,28639.730087866996,0.0,9655.45,0.0,0.0
PV Modules Materials,"Powhatan County, Virginia",37.641073,-78.022226,21,187890.5922870682,0.0,9796.2,0.0,0.0
PV Modules Materials,"Powhatan County, Virginia",37.641073,-78.022226,22,187430.23875745808,0.0,9795.96,0.0,0.0
PV Modules Materials,"Powhatan County, Virginia",37.641073,-78.022226,23,195006.42423926468,0.0,9652.73,0.0,0.0
PV Modules Materials,"Powhatan County, Virginia",37.641073,-78.022226,24,194562.13396200433,0.0,9652.4,0.0,0.0
PV Modules Materials,"Powhatan County, Virginia",37.641073,-78.022226,25,17951.539285837083,0.0,9852.24,0.0,0.0
PV Modules Materials,"Powhatan County, Virginia",37.641073,-78.022226,26,17913.319225566534,0.0,9852.11,0.0,0.0
PV Modules Materials,"Warren County, Virginia",38.791108,-78.257714,1,172.4137848595488,0.0,9797.28,0.0,0.0
PV Modules Materials,"Warren County, Virginia",38.791108,-78.257714,2,169.29950769227878,0.0,9793.43,0.0,0.0
PV Modules Materials,"Warren County, Virginia",38.791108,-78.257714,3,54379.80809415575,0.0,9802.41,0.0,0.0
PV Modules Materials,"Warren County, Virginia",38.791108,-78.257714,4,53856.482767091664,0.0,9802.41,0.0,0.0
PV Modules Materials,"Warren County, Virginia",38.791108,-78.257714,5,747.1934399184461,0.0,9895.08,0.0,0.0
PV Modules Materials,"Warren County, Virginia",38.791108,-78.257714,6,738.2323662083406,0.0,9885.33,0.0,0.0
PV Modules Materials,"Warren County, Virginia",38.791108,-78.257714,7,700.5532609812393,0.0,9653.84,0.0,0.0
PV Modules Materials,"Warren County, Virginia",38.791108,-78.257714,8,694.3473182931754,0.0,9652.07,0.0,0.0
PV Modules Materials,"Warren County, Virginia",38.791108,-78.257714,9,592.8819693017967,0.0,9974.1,0.0,0.0
PV Modules Materials,"Warren County, Virginia",38.791108,-78.257714,10,589.9611720333655,0.0,9972.54,0.0,0.0
PV Modules Materials,"Warren County, Virginia",38.791108,-78.257714,11,462.3190511255892,0.0,9888.77,0.0,0.0
PV Modules Materials,"Warren County, Virginia",38.791108,-78.257714,12,460.5008211879938,0.0,9888.77,0.0,0.0
PV Modules Materials,"Warren County, Virginia",38.791108,-78.257714,13,408.7130491670041,0.0,9693.78,0.0,0.0
PV Modules Materials,"Warren County, Virginia",38.791108,-78.257714,14,407.27920157235064,0.0,9693.78,0.0,0.0
PV Modules Materials,"Warren County, Virginia",38.791108,-78.257714,15,320.9427837954029,0.0,9248.15,0.0,0.0
PV Modules Materials,"Warren County, Virginia",38.791108,-78.257714,16,319.9265707757644,0.0,9248.15,0.0,0.0
PV Modules Materials,"Warren County, Virginia",38.791108,-78.257714,17,327.3915089133856,0.0,9634.9,0.0,0.0
PV Modules Materials,"Warren County, Virginia",38.791108,-78.257714,18,326.44692068923604,0.0,9634.75,0.0,0.0
PV Modules Materials,"Warren County, Virginia",38.791108,-78.257714,19,257.35873248784645,0.0,9666.22,0.0,0.0
PV Modules Materials,"Warren County, Virginia",38.791108,-78.257714,20,256.6767543889131,0.0,9666.22,0.0,0.0
PV Modules Materials,"Warren County, Virginia",38.791108,-78.257714,21,554.3155331655139,0.0,9799.5,0.0,0.0
PV Modules Materials,"Warren County, Virginia",38.791108,-78.257714,22,552.9573964482663,0.0,9799.25,0.0,0.0
PV Modules Materials,"Warren County, Virginia",38.791108,-78.257714,23,1039.5835405712116,0.0,9663.35,0.0,0.0
PV Modules Materials,"Warren County, Virginia",38.791108,-78.257714,24,1037.2150193223479,0.0,9663.02,0.0,0.0
PV Modules Materials,"Warren County, Virginia",38.791108,-78.257714,25,102265.04402213274,0.0,9863.83,0.0,0.0
PV Modules Materials,"Warren County, Virginia",38.791108,-78.257714,26,102047.31471859719,0.0,9863.71,0.0,0.0
PV Modules Materials,"Judith Basin County, Montana",47.249484,-110.223112,1,128.3400540679798,0.0,10057.86,0.0,0.0
PV Modules Materials,"Judith Basin County, Montana",47.249484,-110.223112,2,126.02187225696215,0.0,10053.86,0.0,0.0
PV Modules Materials,"Judith Basin County, Montana",47.249484,-110.223112,3,289.93269476715795,0.0,10027.82,0.0,0.0
PV Modules Materials,"Judith Basin County, Montana",47.249484,-110.223112,4,287.1425208472191,0.0,10025.1,0.0,0.0
PV Modules Materials,"Judith Basin County, Montana",47.249484,-110.223112,5,459.0043609506797,0.0,10117.96,0.0,0.0
PV Modules Materials,"Judith Basin County, Montana",47.249484,-110.223112,6,453.49953222495157,0.0,10110.19,0.0,0.0
PV Modules Materials,"Judith Basin County, Montana",47.249484,-110.223112,7,519.1872084230879,0.0,9905.69,0.0,0.0
PV Modules Materials,"Judith Basin County, Montana",47.249484,-110.223112,8,514.587920632554,0.0,9905.12,0.0,0.0
PV Modules Materials,"Judith Basin County, Montana",47.249484,-110.223112,9,561.5312856330867,0.0,10140.3,0.0,0.0
PV Modules Materials,"Judith Basin County, Montana",47.249484,-110.223112,10,558.7649356171681,0.0,10140.22,0.0,0.0
PV Modules Materials,"Judith Basin County, Montana",47.249484,-110.223112,11,547.1676533280065,0.0,10095.13,0.0,0.0
PV Modules Materials,"Judith Basin County, Montana",47.249484,-110.223112,12,545.0157268483543,0.0,10095.12,0.0,0.0
PV Modules Materials,"Judith Basin County, Montana",47.249484,-110.223112,13,325.04263621113563,0.0,9905.28,0.0,0.0
PV Modules Materials,"Judith Basin County, Montana",47.249484,-110.223112,14,323.90232125657013,0.0,9905.28,0.0,0.0
PV Modules Materials,"Judith Basin County, Montana",47.249484,-110.223112,15,405.98651565855073,0.0,9506.12,0.0,0.0
PV Modules Materials,"Judith Basin County, Montana",47.249484,-110.223112,16,404.7010255218637,0.0,9506.12,0.0,0.0
PV Modules Materials,"Judith Basin County, Montana",47.249484,-110.223112,17,383.86814497376554,0.0,9879.47,0.0,0.0
PV Modules Materials,"Judith Basin County, Montana",47.249484,-110.223112,18,382.760610662409,0.0,9879.32,0.0,0.0
PV Modules Materials,"Judith Basin County, Montana",47.249484,-110.223112,19,358.3495858887071,0.0,9891.44,0.0,0.0
PV Modules Materials,"Judith Basin County, Montana",47.249484,-110.223112,20,357.39999087409285,0.0,9891.44,0.0,0.0
PV Modules Materials,"Judith Basin County, Montana",47.249484,-110.223112,21,249.28917423616497,0.0,10022.23,0.0,0.0
PV Modules Materials,"Judith Basin County, Montana",47.249484,-110.223112,22,248.67838712939025,0.0,10022.23,0.0,0.0
PV Modules Materials,"Judith Basin County, Montana",47.249484,-110.223112,23,340.0847642129057,0.0,9882.67,0.0,0.0
PV Modules Materials,"Judith Basin County, Montana",47.249484,-110.223112,24,339.30993664107774,0.0,9882.67,0.0,0.0
PV Modules Materials,"Judith Basin County, Montana",47.249484,-110.223112,25,356.2173815557054,0.0,10062.03,0.0,0.0
PV Modules Materials,"Judith Basin County, Montana",47.249484,-110.223112,26,355.4589702810121,0.0,10062.03,0.0,0.0
PV Modules Materials,"Knott County, Kentucky",37.370992,-82.850391,1,0.0,0.0,0.0,0.0,0.0
PV Modules Materials,"Knott County, Kentucky",37.370992,-82.850391,2,0.0,0.0,0.0,0.0,0.0
PV Modules Materials,"Knott County, Kentucky",37.370992,-82.850391,3,0.7981790494159792,0.0,9809.06,0.0,0.0
PV Modules Materials,"Knott County, Kentucky",37.370992,-82.850391,4,0.7904977550765788,0.0,9809.06,0.0,0.0
PV Modules Materials,"Knott County, Kentucky",37.370992,-82.850391,5,27066.118167360288,0.0,9885.18,0.0,0.0
PV Modules Materials,"Knott County, Kentucky",37.370992,-82.850391,6,26741.514835764385,0.0,9876.21,0.0,0.0
PV Modules Materials,"Knott County, Kentucky",37.370992,-82.850391,7,17.868063391246736,0.0,9670.87,0.0,0.0
PV Modules Materials,"Knott County, Kentucky",37.370992,-82.850391,8,17.70977681472369,0.0,9669.09,0.0,0.0
PV Modules Materials,"Knott County, Kentucky",37.370992,-82.850391,9,6582.820664513469,0.0,9941.46,0.0,0.0
PV Modules Materials,"Knott County, Kentucky",37.370992,-82.850391,10,6550.390795482155,0.0,9939.9,0.0,0.0
PV Modules Materials,"Knott County, Kentucky",37.370992,-82.850391,11,32.64433419201501,0.0,9880.41,0.0,0.0
PV Modules Materials,"Knott County, Kentucky",37.370992,-82.850391,12,32.51594903121255,0.0,9880.41,0.0,0.0
PV Modules Materials,"Knott County, Kentucky",37.370992,-82.850391,13,1557.7906351364957,0.0,9693.28,0.0,0.0
PV Modules Materials,"Knott County, Kentucky",37.370992,-82.850391,14,1552.325592217713,0.0,9693.28,0.0,0.0
PV Modules Materials,"Knott County, Kentucky",37.370992,-82.850391,15,59.06696355423346,0.0,9273.68,0.0,0.0
PV Modules Materials,"Knott County, Kentucky",37.370992,-82.850391,16,58.87993764050364,0.0,9273.68,0.0,0.0
PV Modules Materials,"Knott County, Kentucky",37.370992,-82.850391,17,78.62738037178512,0.0,9668.13,0.0,0.0
PV Modules Materials,"Knott County, Kentucky",37.370992,-82.850391,18,78.40052507599137,0.0,9667.98,0.0,0.0
PV Modules Materials,"Knott County, Kentucky",37.370992,-82.850391,19,430.25376953843323,0.0,9675.55,0.0,0.0
PV Modules Materials,"Knott County, Kentucky",37.370992,-82.850391,20,429.11363473526467,0.0,9675.55,0.0,0.0
PV Modules Materials,"Knott County, Kentucky",37.370992,-82.850391,21,134.4219079629642,0.0,9804.23,0.0,0.0
PV Modules Materials,"Knott County, Kentucky",37.370992,-82.850391,22,134.09255885061947,0.0,9803.99,0.0,0.0
PV Modules Materials,"Knott County, Kentucky",37.370992,-82.850391,23,175.48102390390204,0.0,9674.02,0.0,0.0
PV Modules Materials,"Knott County, Kentucky",37.370992,-82.850391,24,175.08121906122398,0.0,9674.02,0.0,0.0
PV Modules Materials,"Knott County, Kentucky",37.370992,-82.850391,25,12682.90549835248,0.0,9831.03,0.0,0.0
PV Modules Materials,"Knott County, Kentucky",37.370992,-82.850391,26,12655.902721329607,0.0,9831.03,0.0,0.0
PV Modules Materials,"Hays County, Texas",30.142906,-98.028191,1,3314.1834333426073,0.0,9938.23,0.0,0.0
PV Modules Materials,"Hays County, Texas",30.142906,-98.028191,2,3254.3199728715595,0.0,9933.68,0.0,0.0
PV Modules Materials,"Hays County, Texas",30.142906,-98.028191,3,99888.25747469468,0.0,9921.88,0.0,0.0
PV Modules Materials,"Hays County, Texas",30.142906,-98.028191,4,98926.98054406821,0.0,9919.07,0.0,0.0
PV Modules Materials,"Hays County, Texas",30.142906,-98.028191,5,84797.95188728349,0.0,9980.34,0.0,0.0
PV Modules Materials,"Hays County, Texas",30.142906,-98.028191,6,83780.97200398735,0.0,9976.23,0.0,0.0
PV Modules Materials,"Hays County, Texas",30.142906,-98.028191,7,175611.39347395618,0.0,9807.62,0.0,0.0
PV Modules Materials,"Hays County, Texas",30.142906,-98.028191,8,174055.7169765776,0.0,9807.62,0.0,0.0
PV Modules Materials,"Hays County, Texas",30.142906,-98.028191,9,665680.0716431246,0.0,10031.9,0.0,0.0
PV Modules Materials,"Hays County, Texas",30.142906,-98.028191,10,662400.6389135472,0.0,10030.92,0.0,0.0
PV Modules Materials,"Hays County, Texas",30.142906,-98.028191,11,7622.80113316665,0.0,9993.04,0.0,0.0
PV Modules Materials,"Hays County, Texas",30.142906,-98.028191,12,7592.821825165139,0.0,9993.04,0.0,0.0
PV Modules Materials,"Hays County, Texas",30.142906,-98.028191,13,6550.34392072848,0.0,9808.09,0.0,0.0
PV Modules Materials,"Hays County, Texas",30.142906,-98.028191,14,6527.363996564005,0.0,9808.09,0.0,0.0
PV Modules Materials,"Hays County, Texas",30.142906,-98.028191,15,5611.492522979208,0.0,9392.4,0.0,0.0
PV Modules Materials,"Hays County, Texas",30.142906,-98.028191,16,5593.724646431188,0.0,9392.4,0.0,0.0
PV Modules Materials,"Hays County, Texas",30.142906,-98.028191,17,28107.323924270473,0.0,9769.11,0.0,0.0
PV Modules Materials,"Hays County, Texas",30.142906,-98.028191,18,28026.22882415825,0.0,9768.96,0.0,0.0
PV Modules Materials,"Hays County, Texas",30.142906,-98.028191,19,189267.70760594617,0.0,9800.37,0.0,0.0
PV Modules Materials,"Hays County, Texas",30.142906,-98.028191,20,188766.1647588284,0.0,9800.37,0.0,0.0
PV Modules Materials,"Hays County, Texas",30.142906,-98.028191,21,6085.7379772421045,0.0,9914.76,0.0,0.0
PV Modules Materials,"Hays County, Texas",30.142906,-98.028191,22,6070.827220274427,0.0,9914.76,0.0,0.0
PV Modules Materials,"Hays County, Texas",30.142906,-98.028191,23,6457.640776810455,0.0,9783.36,0.0,0.0
PV Modules Materials,"Hays County, Texas",30.142906,-98.028191,24,6442.9280973571,0.0,9783.36,0.0,0.0
PV Modules Materials,"Hays County, Texas",30.142906,-98.028191,25,5988.2343500033985,0.0,9909.09,0.0,0.0
PV Modules Materials,"Hays County, Texas",30.142906,-98.028191,26,5975.484987727157,0.0,9909.09,0.0,0.0
PV Modules Materials,"Clarendon County, South Carolina",33.666562,-80.470185,1,126637.00061638947,0.0,9820.49,0.0,0.0
PV Modules Materials,"Clarendon County, South Carolina",33.666562,-80.470185,2,124349.5807336205,0.0,9820.44,0.0,0.0
PV Modules Materials,"Clarendon County, South Carolina",33.666562,-80.470185,3,60585.93259991258,0.0,9817.64,0.0,0.0
PV Modules Materials,"Clarendon County, South Carolina",33.666562,-80.470185,4,60002.882491710014,0.0,9817.64,0.0,0.0
PV Modules Materials,"Clarendon County, South Carolina",33.666562,-80.470185,5,45913.66683058423,0.0,9903.78,0.0,0.0
PV Modules Materials,"Clarendon County, South Carolina",33.666562,-80.470185,6,45363.02528210519,0.0,9894.03,0.0,0.0
PV Modules Materials,"Clarendon County, South Carolina",33.666562,-80.470185,7,162009.4176556719,0.0,9681.48,0.0,0.0
PV Modules Materials,"Clarendon County, South Carolina",33.666562,-80.470185,8,160574.23604008782,0.0,9679.7,0.0,0.0
PV Modules Materials,"Clarendon County, South Carolina",33.666562,-80.470185,9,53335.76979291581,0.0,9921.03,0.0,0.0
PV Modules Materials,"Clarendon County, South Carolina",33.666562,-80.470185,10,53073.01433940743,0.0,9921.03,0.0,0.0
PV Modules Materials,"Clarendon County, South Carolina",33.666562,-80.470185,11,509694.4275372196,0.0,9921.03,0.0,0.0
PV Modules Materials,"Clarendon County, South Carolina",33.666562,-80.470185,12,507689.8775085815,0.0,9921.03,0.0,0.0
PV Modules Materials,"Clarendon County, South Carolina",33.666562,-80.470185,13,72683.50632375725,0.0,9711.89,0.0,0.0
PV Modules Materials,"Clarendon County, South Carolina",33.666562,-80.470185,14,72428.51796229997,0.0,9711.89,0.0,0.0
PV Modules Materials,"Clarendon County, South Carolina",33.666562,-80.470185,15,33854.38973595026,0.0,9275.52,0.0,0.0
PV Modules Materials,"Clarendon County, South Carolina",33.666562,-80.470185,16,33747.19532822829,0.0,9275.52,0.0,0.0
PV Modules Materials,"Clarendon County, South Carolina",33.666562,-80.470185,17,520867.7738641213,0.0,9670.57,0.0,0.0
PV Modules Materials,"Clarendon County, South Carolina",33.666562,-80.470185,18,519364.9689588748,0.0,9670.41,0.0,0.0
PV Modules Materials,"Clarendon County, South Carolina",33.666562,-80.470185,19,29681.51988579074,0.0,9687.3,0.0,0.0
PV Modules Materials,"Clarendon County, South Carolina",33.666562,-80.470185,20,29602.866457910193,0.0,9687.3,0.0,0.0
PV Modules Materials,"Clarendon County, South Carolina",33.666562,-80.470185,21,51038.657380344805,0.0,9817.64,0.0,0.0
PV Modules Materials,"Clarendon County, South Carolina",33.666562,-80.470185,22,50913.606808170865,0.0,9817.64,0.0,0.0
PV Modules Materials,"Clarendon County, South Carolina",33.666562,-80.470185,23,5121.2216531917375,0.0,9679.97,0.0,0.0
PV Modules Materials,"Clarendon County, South Carolina",33.666562,-80.470185,24,5109.553786365891,0.0,9679.97,0.0,0.0
PV Modules Materials,"Clarendon County, South Carolina",33.666562,-80.470185,25,14308.843175254879,0.0,9806.23,0.0,0.0
PV Modules Materials,"Clarendon County, South Carolina",33.666562,-80.470185,26,14278.37866522862,0.0,9806.23,0.0,0.0
PV Modules Materials,"Lonoke County, Arkansas",34.68126,-92.025894,1,349.73764532762175,0.0,9891.3,0.0,0.0
PV Modules Materials,"Lonoke County, Arkansas",34.68126,-92.025894,2,343.42040123796926,0.0,9886.75,0.0,0.0
PV Modules Materials,"Lonoke County, Arkansas",34.68126,-92.025894,3,967.5278184481512,0.0,9859.34,0.0,0.0
PV Modules Materials,"Lonoke County, Arkansas",34.68126,-92.025894,4,958.2167923563287,0.0,9856.61,0.0,0.0
PV Modules Materials,"Lonoke County, Arkansas",34.68126,-92.025894,5,3016.103435910823,0.0,9936.65,0.0,0.0
PV Modules Materials,"Lonoke County, Arkansas",34.68126,-92.025894,6,2979.931376892948,0.0,9936.65,0.0,0.0
PV Modules Materials,"Lonoke County, Arkansas",34.68126,-92.025894,7,4902.881046428349,0.0,9743.48,0.0,0.0
PV Modules Materials,"Lonoke County, Arkansas",34.68126,-92.025894,8,4859.448233428648,0.0,9743.48,0.0,0.0
PV Modules Materials,"Lonoke County, Arkansas",34.68126,-92.025894,9,6417.412708599757,0.0,9965.24,0.0,0.0
PV Modules Materials,"Lonoke County, Arkansas",34.68126,-92.025894,10,6385.79771188844,0.0,9965.24,0.0,0.0
PV Modules Materials,"Lonoke County, Arkansas",34.68126,-92.025894,11,31727.367771460646,0.0,9941.64,0.0,0.0
PV Modules Materials,"Lonoke County, Arkansas",34.68126,-92.025894,12,31602.588898985636,0.0,9941.64,0.0,0.0
PV Modules Materials,"Lonoke County, Arkansas",34.68126,-92.025894,13,2420.0520321831987,0.0,9747.49,0.0,0.0
PV Modules Materials,"Lonoke County, Arkansas",34.68126,-92.025894,14,2411.5620028279955,0.0,9747.49,0.0,0.0
PV Modules Materials,"Lonoke County, Arkansas",34.68126,-92.025894,15,1543.8290261977377,0.0,9354.78,0.0,0.0
PV Modules Materials,"Lonoke County, Arkansas",34.68126,-92.025894,16,1538.9407431898921,0.0,9354.78,0.0,0.0
PV Modules Materials,"Lonoke County, Arkansas",34.68126,-92.025894,17,1308.3616830756573,0.0,9708.64,0.0,0.0
PV Modules Materials,"Lonoke County, Arkansas",34.68126,-92.025894,18,1304.586804970652,0.0,9708.48,0.0,0.0
PV Modules Materials,"Lonoke County, Arkansas",34.68126,-92.025894,19,1343.3943097374215,0.0,9728.56,0.0,0.0
PV Modules Materials,"Lonoke County, Arkansas",34.68126,-92.025894,20,1339.834432485089,0.0,9728.56,0.0,0.0
PV Modules Materials,"Lonoke County, Arkansas",34.68126,-92.025894,21,3670.4782041398976,0.0,9854.72,0.0,0.0
PV Modules Materials,"Lonoke County, Arkansas",34.68126,-92.025894,22,3661.48511099955,0.0,9854.72,0.0,0.0
PV Modules Materials,"Lonoke County, Arkansas",34.68126,-92.025894,23,2248.9051113701594,0.0,9711.83,0.0,0.0
PV Modules Materials,"Lonoke County, Arkansas",34.68126,-92.025894,24,2243.781348502547,0.0,9711.83,0.0,0.0
PV Modules Materials,"Lonoke County, Arkansas",34.68126,-92.025894,25,3637.1021017671637,0.0,9871.33,0.0,0.0
PV Modules Materials,"Lonoke County, Arkansas",34.68126,-92.025894,26,3629.3584615519007,0.0,9871.33,0.0,0.0
PV Modules Materials,"Midland County, Michigan",43.57419,-84.554378,1,3455.537444676292,0.0,9869.38,0.0,0.0
PV Modules Materials,"Midland County, Michigan",43.57419,-84.554378,2,3393.1207337771693,0.0,9865.53,0.0,0.0
PV Modules Materials,"Midland County, Michigan",43.57419,-84.554378,3,50184.743514156144,0.0,9874.51,0.0,0.0
PV Modules Materials,"Midland County, Michigan",43.57419,-84.554378,4,49701.78948703453,0.0,9874.51,0.0,0.0
PV Modules Materials,"Midland County, Michigan",43.57419,-84.554378,5,14775.704235483927,0.0,9947.49,0.0,0.0
PV Modules Materials,"Midland County, Michigan",43.57419,-84.554378,6,14598.499555010098,0.0,9938.53,0.0,0.0
PV Modules Materials,"Midland County, Michigan",43.57419,-84.554378,7,17921.645575228293,0.0,9723.7,0.0,0.0
PV Modules Materials,"Midland County, Michigan",43.57419,-84.554378,8,17762.884333920418,0.0,9722.9,0.0,0.0
PV Modules Materials,"Midland County, Michigan",43.57419,-84.554378,9,18793.272882555837,0.0,10000.39,0.0,0.0
PV Modules Materials,"Midland County, Michigan",43.57419,-84.554378,10,18700.68895701515,0.0,10000.31,0.0,0.0
PV Modules Materials,"Midland County, Michigan",43.57419,-84.554378,11,17367.763274701036,0.0,9930.53,0.0,0.0
PV Modules Materials,"Midland County, Michigan",43.57419,-84.554378,12,17299.458524857284,0.0,9930.53,0.0,0.0
PV Modules Materials,"Midland County, Michigan",43.57419,-84.554378,13,218433.25437227046,0.0,9749.03,0.0,0.0
PV Modules Materials,"Midland County, Michigan",43.57419,-84.554378,14,217666.94657511954,0.0,9749.03,0.0,0.0
PV Modules Materials,"Midland County, Michigan",43.57419,-84.554378,15,13459.678929853995,0.0,9317.22,0.0,0.0
PV Modules Materials,"Midland County, Michigan",43.57419,-84.554378,16,13417.061050096987,0.0,9317.22,0.0,0.0
PV Modules Materials,"Midland County, Michigan",43.57419,-84.554378,17,11515.703803372118,0.0,9703.97,0.0,0.0
PV Modules Materials,"Midland County, Michigan",43.57419,-84.554378,18,11482.478756572456,0.0,9703.82,0.0,0.0
PV Modules Materials,"Midland County, Michigan",43.57419,-84.554378,19,9913.348652148366,0.0,9738.07,0.0,0.0
PV Modules Materials,"Midland County, Michigan",43.57419,-84.554378,20,9887.079146534545,0.0,9738.07,0.0,0.0
PV Modules Materials,"Midland County, Michigan",43.57419,-84.554378,21,13534.886995667843,0.0,9855.02,0.0,0.0
PV Modules Materials,"Midland County, Michigan",43.57419,-84.554378,22,13501.72496809911,0.0,9854.78,0.0,0.0
PV Modules Materials,"Midland County, Michigan",43.57419,-84.554378,23,13799.027586015975,0.0,9732.8,0.0,0.0
PV Modules Materials,"Midland County, Michigan",43.57419,-84.554378,24,13767.588756161873,0.0,9732.47,0.0,0.0
PV Modules Materials,"Midland County, Michigan",43.57419,-84.554378,25,11289.489027751155,0.0,9895.43,0.0,0.0
PV Modules Materials,"Midland County, Michigan",43.57419,-84.554378,26,11265.452930111058,0.0,9895.29,0.0,0.0
PV Modules Materials,"Duchesne County, Utah",40.521413,-110.318286,1,23.815690805944353,0.0,10048.79,0.0,0.0
PV Modules Materials,"Duchesne County, Utah",40.521413,-110.318286,2,23.38551254519719,0.0,10044.54,0.0,0.0
PV Modules Materials,"Duchesne County, Utah",40.521413,-110.318286,3,12411.175720657426,0.0,10013.19,0.0,0.0
PV Modules Materials,"Duchesne County, Utah",40.521413,-110.318286,4,12291.736487219583,0.0,10010.47,0.0,0.0
PV Modules Materials,"Duchesne County, Utah",40.521413,-110.318286,5,201.2444502361011,0.0,10098.45,0.0,0.0
PV Modules Materials,"Duchesne County, Utah",40.521413,-110.318286,6,198.830930180957,0.0,10092.85,0.0,0.0
PV Modules Materials,"Duchesne County, Utah",40.521413,-110.318286,7,7815.800824942293,0.0,9892.42,0.0,0.0
PV Modules Materials,"Duchesne County, Utah",40.521413,-110.318286,8,7746.563531102598,0.0,9892.32,0.0,0.0
PV Modules Materials,"Duchesne County, Utah",40.521413,-110.318286,9,394.31798846100367,0.0,10124.64,0.0,0.0
PV Modules Materials,"Duchesne County, Utah",40.521413,-110.318286,10,392.375404669922,0.0,10124.64,0.0,0.0
PV Modules Materials,"Duchesne County, Utah",40.521413,-110.318286,11,151.0738426536284,0.0,10083.58,0.0,0.0
PV Modules Materials,"Duchesne County, Utah",40.521413,-110.318286,12,150.47969239563744,0.0,10083.58,0.0,0.0
PV Modules Materials,"Duchesne County, Utah",40.521413,-110.318286,13,116.72964099789873,0.0,9893.18,0.0,0.0
PV Modules Materials,"Duchesne County, Utah",40.521413,-110.318286,14,116.32012993552691,0.0,9893.18,0.0,0.0
PV Modules Materials,"Duchesne County, Utah",40.521413,-110.318286,15,115.73645143607129,0.0,9502.19,0.0,0.0
PV Modules Materials,"Duchesne County, Utah",40.521413,-110.318286,16,115.3699908246027,0.0,9502.19,0.0,0.0
PV Modules Materials,"Duchesne County, Utah",40.521413,-110.318286,17,118.63489238667269,0.0,9846.45,0.0,0.0
PV Modules Materials,"Duchesne County, Utah",40.521413,-110.318286,18,118.2926076319653,0.0,9846.3,0.0,0.0
PV Modules Materials,"Duchesne County, Utah",40.521413,-110.318286,19,129.75985110513088,0.0,9865.79,0.0,0.0
PV Modules Materials,"Duchesne County, Utah",40.521413,-110.318286,20,129.4159988654221,0.0,9865.79,0.0,0.0
PV Modules Materials,"Duchesne County, Utah",40.521413,-110.318286,21,76.58681954017396,0.0,10009.1,0.0,0.0
PV Modules Materials,"Duchesne County, Utah",40.521413,-110.318286,22,76.39917303660094,0.0,10009.1,0.0,0.0
PV Modules Materials,"Duchesne County, Utah",40.521413,-110.318286,23,127.2288955396206,0.0,9849.64,0.0,0.0
PV Modules Materials,"Duchesne County, Utah",40.521413,-110.318286,24,126.93902528793353,0.0,9849.64,0.0,0.0
PV Modules Materials,"Duchesne County, Utah",40.521413,-110.318286,25,117.01131293499404,0.0,10031.04,0.0,0.0
PV Modules Materials,"Duchesne County, Utah",40.521413,-110.318286,26,116.76218781198912,0.0,10031.04,0.0,0.0
PV Modules Materials,"Fremont County, Wyoming",43.043881,-109.277895,1,84.8250038243217,0.0,10043.94,0.0,0.0
PV Modules Materials,"Fremont County, Wyoming",43.043881,-109.277895,2,83.29282602984385,0.0,10039.69,0.0,0.0
PV Modules Materials,"Fremont County, Wyoming",43.043881,-109.277895,3,145.86621570086544,0.0,10008.15,0.0,0.0
PV Modules Materials,"Fremont County, Wyoming",43.043881,-109.277895,4,144.46246883756123,0.0,10005.42,0.0,0.0
PV Modules Materials,"Fremont County, Wyoming",43.043881,-109.277895,5,222.8748863876803,0.0,10096.62,0.0,0.0
PV Modules Materials,"Fremont County, Wyoming",43.043881,-109.277895,6,220.20195301012103,0.0,10089.56,0.0,0.0
PV Modules Materials,"Fremont County, Wyoming",43.043881,-109.277895,7,204.523319311437,0.0,9886.92,0.0,0.0
PV Modules Materials,"Fremont County, Wyoming",43.043881,-109.277895,8,202.7115227376239,0.0,9886.82,0.0,0.0
PV Modules Materials,"Fremont County, Wyoming",43.043881,-109.277895,9,187.9421585004068,0.0,10120.62,0.0,0.0
PV Modules Materials,"Fremont County, Wyoming",43.043881,-109.277895,10,187.0162727902754,0.0,10120.62,0.0,0.0
PV Modules Materials,"Fremont County, Wyoming",43.043881,-109.277895,11,170.4196187611166,0.0,10078.0,0.0,0.0
PV Modules Materials,"Fremont County, Wyoming",43.043881,-109.277895,12,169.74938453211251,0.0,10078.0,0.0,0.0
PV Modules Materials,"Fremont County, Wyoming",43.043881,-109.277895,13,99.81496524144731,0.0,9887.68,0.0,0.0
PV Modules Materials,"Fremont County, Wyoming",43.043881,-109.277895,14,99.46479426424568,0.0,9887.68,0.0,0.0
PV Modules Materials,"Fremont County, Wyoming",43.043881,-109.277895,15,114.84073078426778,0.0,9494.03,0.0,0.0
PV Modules Materials,"Fremont County, Wyoming",43.043881,-109.277895,16,114.47710632626419,0.0,9494.03,0.0,0.0
PV Modules Materials,"Fremont County, Wyoming",43.043881,-109.277895,17,147.59327017388648,0.0,9848.52,0.0,0.0
PV Modules Materials,"Fremont County, Wyoming",43.043881,-109.277895,18,147.1674348630297,0.0,9848.37,0.0,0.0
PV Modules Materials,"Fremont County, Wyoming",43.043881,-109.277895,19,163.11100044276355,0.0,9867.87,0.0,0.0
PV Modules Materials,"Fremont County, Wyoming",43.043881,-109.277895,20,162.6787705785513,0.0,9867.87,0.0,0.0
PV Modules Materials,"Fremont County, Wyoming",43.043881,-109.277895,21,147.50146990583065,0.0,10003.52,0.0,0.0
PV Modules Materials,"Fremont County, Wyoming",43.043881,-109.277895,22,147.14007436458888,0.0,10003.52,0.0,0.0
PV Modules Materials,"Fremont County, Wyoming",43.043881,-109.277895,23,213.19089107212704,0.0,9851.72,0.0,0.0
PV Modules Materials,"Fremont County, Wyoming",43.043881,-109.277895,24,212.70517045818664,0.0,9851.72,0.0,0.0
PV Modules Materials,"Fremont County, Wyoming",43.043881,-109.277895,25,270.2294411955179,0.0,10038.43,0.0,0.0
PV Modules Materials,"Fremont County, Wyoming",43.043881,-109.277895,26,269.6541041525536,0.0,10038.43,0.0,0.0
PV Modules Materials,"Capitol Region COG, Connecticut",41.602461,-72.75108,1,10246.80259752252,0.0,9831.73,0.0,0.0
PV Modules Materials,"Capitol Region COG, Connecticut",41.602461,-72.75108,2,10061.716565144174,0.0,9827.87,0.0,0.0
PV Modules Materials,"Capitol Region COG, Connecticut",41.602461,-72.75108,3,11373.989742424572,0.0,9835.61,0.0,0.0
PV Modules Materials,"Capitol Region COG, Connecticut",41.602461,-72.75108,4,11264.531891972583,0.0,9835.23,0.0,0.0
PV Modules Materials,"Capitol Region COG, Connecticut",41.602461,-72.75108,5,89422.76323191283,0.0,9939.14,0.0,0.0
PV Modules Materials,"Capitol Region COG, Connecticut",41.602461,-72.75108,6,88350.3180927131,0.0,9929.39,0.0,0.0
PV Modules Materials,"Capitol Region COG, Connecticut",41.602461,-72.75108,7,3336.3360659956197,0.0,9688.29,0.0,0.0
PV Modules Materials,"Capitol Region COG, Connecticut",41.602461,-72.75108,8,3306.7806965941722,0.0,9686.51,0.0,0.0
PV Modules Materials,"Capitol Region COG, Connecticut",41.602461,-72.75108,9,12384.424936731415,0.0,10019.37,0.0,0.0
PV Modules Materials,"Capitol Region COG, Connecticut",41.602461,-72.75108,10,12323.413814114721,0.0,10017.81,0.0,0.0
PV Modules Materials,"Capitol Region COG, Connecticut",41.602461,-72.75108,11,5748.989293186144,0.0,9935.67,0.0,0.0
PV Modules Materials,"Capitol Region COG, Connecticut",41.602461,-72.75108,12,5726.379399827137,0.0,9935.67,0.0,0.0
PV Modules Materials,"Capitol Region COG, Connecticut",41.602461,-72.75108,13,6090.784703210184,0.0,9736.4,0.0,0.0
PV Modules Materials,"Capitol Region COG, Connecticut",41.602461,-72.75108,14,6069.417005227334,0.0,9736.4,0.0,0.0
PV Modules Materials,"Capitol Region COG, Connecticut",41.602461,-72.75108,15,1496.8283831258236,0.0,9284.69,0.0,0.0
PV Modules Materials,"Capitol Region COG, Connecticut",41.602461,-72.75108,16,1492.0889199943933,0.0,9284.69,0.0,0.0
PV Modules Materials,"Capitol Region COG, Connecticut",41.602461,-72.75108,17,33193.29026630672,0.0,9671.44,0.0,0.0
PV Modules Materials,"Capitol Region COG, Connecticut",41.602461,-72.75108,18,33097.52116340484,0.0,9671.29,0.0,0.0
PV Modules Materials,"Capitol Region COG, Connecticut",41.602461,-72.75108,19,67115.28048523123,0.0,9698.94,0.0,0.0
PV Modules Materials,"Capitol Region COG, Connecticut",41.602461,-72.75108,20,66937.43087060098,0.0,9698.94,0.0,0.0
PV Modules Materials,"Capitol Region COG, Connecticut",41.602461,-72.75108,21,1588.7166595252656,0.0,9845.45,0.0,0.0
PV Modules Materials,"Capitol Region COG, Connecticut",41.602461,-72.75108,22,1584.824121251474,0.0,9845.21,0.0,0.0
PV Modules Materials,"Capitol Region COG, Connecticut",41.602461,-72.75108,23,2188.0744456893053,0.0,9695.7,0.0,0.0
PV Modules Materials,"Capitol Region COG, Connecticut",41.602461,-72.75108,24,2183.0892755548643,0.0,9695.37,0.0,0.0
PV Modules Materials,"Capitol Region COG, Connecticut",41.602461,-72.75108,25,119049.49218092879,0.0,9909.83,0.0,0.0
PV Modules Materials,"Capitol Region COG, Connecticut",41.602461,-72.75108,26,118796.02763430221,0.0,9909.71,0.0,0.0
PV Modules Materials,"Burke County, North Carolina",35.703545,-81.469485,1,5754.603115002625,0.0,9819.52,0.0,0.0
PV Modules Materials,"Burke County, North Carolina",35.703545,-81.469485,2,5650.658821323595,0.0,9815.67,0.0,0.0
PV Modules Materials,"Burke County, North Carolina",35.703545,-81.469485,3,250722.20161470497,0.0,9814.92,0.0,0.0
PV Modules Materials,"Burke County, North Carolina",35.703545,-81.469485,4,248309.37077250957,0.0,9814.92,0.0,0.0
PV Modules Materials,"Burke County, North Carolina",35.703545,-81.469485,5,30315.784370407222,0.0,9891.43,0.0,0.0
PV Modules Materials,"Burke County, North Carolina",35.703545,-81.469485,6,29952.207866908306,0.0,9881.68,0.0,0.0
PV Modules Materials,"Burke County, North Carolina",35.703545,-81.469485,7,472475.3031520494,0.0,9677.12,0.0,0.0
PV Modules Materials,"Burke County, North Carolina",35.703545,-81.469485,8,468289.81888382946,0.0,9675.34,0.0,0.0
PV Modules Materials,"Burke County, North Carolina",35.703545,-81.469485,9,201875.61368682145,0.0,9941.07,0.0,0.0
PV Modules Materials,"Burke County, North Carolina",35.703545,-81.469485,10,200881.08564996155,0.0,9941.07,0.0,0.0
PV Modules Materials,"Burke County, North Carolina",35.703545,-81.469485,11,292469.4288080815,0.0,9900.44,0.0,0.0
PV Modules Materials,"Burke County, North Carolina",35.703545,-81.469485,12,291319.19139087887,0.0,9900.44,0.0,0.0
PV Modules Materials,"Burke County, North Carolina",35.703545,-81.469485,13,122587.67542150499,0.0,9699.53,0.0,0.0
PV Modules Materials,"Burke County, North Carolina",35.703545,-81.469485,14,122157.61319595206,0.0,9699.53,0.0,0.0
PV Modules Materials,"Burke County, North Carolina",35.703545,-81.469485,15,11409.881627653385,0.0,9263.16,0.0,0.0
PV Modules Materials,"Burke County, North Carolina",35.703545,-81.469485,16,11373.754096990642,0.0,9263.16,0.0,0.0
PV Modules Materials,"Burke County, North Carolina",35.703545,-81.469485,17,15603.277070631928,0.0,9661.44,0.0,0.0
PV Modules Materials,"Burke County, North Carolina",35.703545,-81.469485,18,15558.258579382782,0.0,9661.28,0.0,0.0
PV Modules Materials,"Burke County, North Carolina",35.703545,-81.469485,19,14220.277191944027,0.0,9679.97,0.0,0.0
PV Modules Materials,"Burke County, North Carolina",35.703545,-81.469485,20,14182.594702945431,0.0,9679.97,0.0,0.0
PV Modules Materials,"Burke County, North Carolina",35.703545,-81.469485,21,118214.80635583508,0.0,9808.5,0.0,0.0
PV Modules Materials,"Burke County, North Carolina",35.703545,-81.469485,22,117925.16650375068,0.0,9808.26,0.0,0.0
PV Modules Materials,"Burke County, North Carolina",35.703545,-81.469485,23,18277.27409978912,0.0,9667.62,0.0,0.0
PV Modules Materials,"Burke County, North Carolina",35.703545,-81.469485,24,18235.63231691434,0.0,9667.62,0.0,0.0
PV Modules Materials,"Burke County, North Carolina",35.703545,-81.469485,25,9126.601330269828,0.0,9826.45,0.0,0.0
PV Modules Materials,"Burke County, North Carolina",35.703545,-81.469485,26,9107.170169111218,0.0,9826.45,0.0,0.0
PV Modules Materials,"Mercer County, New Jersey",40.24747,-74.662985,1,8134.9067068579925,0.0,9811.27,0.0,0.0
PV Modules Materials,"Mercer County, New Jersey",40.24747,-74.662985,2,7987.9674453849175,0.0,9807.41,0.0,0.0
PV Modules Materials,"Mercer County, New Jersey",40.24747,-74.662985,3,13089.9078923887,0.0,9815.61,0.0,0.0
PV Modules Materials,"Mercer County, New Jersey",40.24747,-74.662985,4,12963.936864371057,0.0,9815.23,0.0,0.0
PV Modules Materials,"Mercer County, New Jersey",40.24747,-74.662985,5,18986.130051716842,0.0,9918.68,0.0,0.0
PV Modules Materials,"Mercer County, New Jersey",40.24747,-74.662985,6,18758.429831434325,0.0,9908.93,0.0,0.0
PV Modules Materials,"Mercer County, New Jersey",40.24747,-74.662985,7,3232.3615709519536,0.0,9667.83,0.0,0.0
PV Modules Materials,"Mercer County, New Jersey",40.24747,-74.662985,8,3203.727273213719,0.0,9666.05,0.0,0.0
PV Modules Materials,"Mercer County, New Jersey",40.24747,-74.662985,9,24907.645216673965,0.0,9999.22,0.0,0.0
PV Modules Materials,"Mercer County, New Jersey",40.24747,-74.662985,10,24784.9392045522,0.0,9997.66,0.0,0.0
PV Modules Materials,"Mercer County, New Jersey",40.24747,-74.662985,11,49972.2760664109,0.0,9915.14,0.0,0.0
PV Modules Materials,"Mercer County, New Jersey",40.24747,-74.662985,12,49775.742767226024,0.0,9915.14,0.0,0.0
PV Modules Materials,"Mercer County, New Jersey",40.24747,-74.662985,13,85919.68599124986,0.0,9716.59,0.0,0.0
PV Modules Materials,"Mercer County, New Jersey",40.24747,-74.662985,14,85618.26244888193,0.0,9716.59,0.0,0.0
PV Modules Materials,"Mercer County, New Jersey",40.24747,-74.662985,15,3125.432847575473,0.0,9263.54,0.0,0.0
PV Modules Materials,"Mercer County, New Jersey",40.24747,-74.662985,16,3115.536673827143,0.0,9263.54,0.0,0.0
PV Modules Materials,"Mercer County, New Jersey",40.24747,-74.662985,17,21576.660839255554,0.0,9650.29,0.0,0.0
PV Modules Materials,"Mercer County, New Jersey",40.24747,-74.662985,18,21514.40797322102,0.0,9650.13,0.0,0.0
PV Modules Materials,"Mercer County, New Jersey",40.24747,-74.662985,19,28569.755340889493,0.0,9678.95,0.0,0.0
PV Modules Materials,"Mercer County, New Jersey",40.24747,-74.662985,20,28494.04799167301,0.0,9678.95,0.0,0.0
PV Modules Materials,"Mercer County, New Jersey",40.24747,-74.662985,21,15128.700332862605,0.0,9825.64,0.0,0.0
PV Modules Materials,"Mercer County, New Jersey",40.24747,-74.662985,22,15091.633279574453,0.0,9825.4,0.0,0.0
PV Modules Materials,"Mercer County, New Jersey",40.24747,-74.662985,23,7116.57106670834,0.0,9675.89,0.0,0.0
PV Modules Materials,"Mercer County, New Jersey",40.24747,-74.662985,24,7100.357122246227,0.0,9675.56,0.0,0.0
PV Modules Materials,"Mercer County, New Jersey",40.24747,-74.662985,25,6390.614763680246,0.0,9888.83,0.0,0.0
PV Modules Materials,"Mercer County, New Jersey",40.24747,-74.662985,26,6377.0087058628815,0.0,9888.71,0.0,0.0
PV Modules Materials,"Crook County, Wyoming",44.248924,-105.038751,1,1533.2116542201757,0.0,10014.24,0.0,0.0
PV Modules Materials,"Crook County, Wyoming",44.248924,-105.038751,2,1505.5175458214771,0.0,10010.24,0.0,0.0
PV Modules Materials,"Crook County, Wyoming",44.248924,-105.038751,3,17905.60711085604,0.0,9980.3,0.0,0.0
PV Modules Materials,"Crook County, Wyoming",44.248924,-105.038751,4,17733.292091256393,0.0,9977.57,0.0,0.0
PV Modules Materials,"Crook County, Wyoming",44.248924,-105.038751,5,78.56884279826406,0.0,10070.29,0.0,0.0
PV Modules Materials,"Crook County, Wyoming",44.248924,-105.038751,6,77.626568476758,0.0,10062.84,0.0,0.0
PV Modules Materials,"Crook County, Wyoming",44.248924,-105.038751,7,83.91401200239652,0.0,9858.6,0.0,0.0
PV Modules Materials,"Crook County, Wyoming",44.248924,-105.038751,8,83.17064875192364,0.0,9858.51,0.0,0.0
PV Modules Materials,"Crook County, Wyoming",44.248924,-105.038751,9,81.92767414092029,0.0,10092.77,0.0,0.0
PV Modules Materials,"Crook County, Wyoming",44.248924,-105.038751,10,81.52406239485633,0.0,10092.77,0.0,0.0
PV Modules Materials,"Crook County, Wyoming",44.248924,-105.038751,11,77.32965330254858,0.0,10049.12,0.0,0.0
PV Modules Materials,"Crook County, Wyoming",44.248924,-105.038751,12,77.02552763358416,0.0,10049.11,0.0,0.0
PV Modules Materials,"Crook County, Wyoming",44.248924,-105.038751,13,1020.9950537307237,0.0,9859.26,0.0,0.0
PV Modules Materials,"Crook County, Wyoming",44.248924,-105.038751,14,1017.4131976952277,0.0,9859.26,0.0,0.0
PV Modules Materials,"Crook County, Wyoming",44.248924,-105.038751,15,2139.9261195676954,0.0,9463.3,0.0,0.0
PV Modules Materials,"Crook County, Wyoming",44.248924,-105.038751,16,2133.1503922618726,0.0,9463.3,0.0,0.0
PV Modules Materials,"Crook County, Wyoming",44.248924,-105.038751,17,50.50688820719993,0.0,9829.4,0.0,0.0
PV Modules Materials,"Crook County, Wyoming",44.248924,-105.038751,18,50.36116600445465,0.0,9829.24,0.0,0.0
PV Modules Materials,"Crook County, Wyoming",44.248924,-105.038751,19,57.694191454793184,0.0,9843.16,0.0,0.0
PV Modules Materials,"Crook County, Wyoming",44.248924,-105.038751,20,57.54130690089644,0.0,9843.16,0.0,0.0
PV Modules Materials,"Crook County, Wyoming",44.248924,-105.038751,21,72.75357825597067,0.0,9975.13,0.0,0.0
PV Modules Materials,"Crook County, Wyoming",44.248924,-105.038751,22,72.57532363377689,0.0,9975.13,0.0,0.0
PV Modules Materials,"Crook County, Wyoming",44.248924,-105.038751,23,84.15770597828306,0.0,9832.59,0.0,0.0
PV Modules Materials,"Crook County, Wyoming",44.248924,-105.038751,24,83.96596639499217,0.0,9832.59,0.0,0.0
PV Modules Materials,"Crook County, Wyoming",44.248924,-105.038751,25,88.83621163895306,0.0,10013.71,0.0,0.0
PV Modules Materials,"Crook County, Wyoming",44.248924,-105.038751,26,88.64707324201753,0.0,10013.71,0.0,0.0
PV Modules Materials,"Cleveland County, Oklahoma",35.30086,-97.476702,1,166351.7803968382,0.0,9939.51,0.0,0.0
PV Modules Materials,"Cleveland County, Oklahoma",35.30086,-97.476702,2,163347.00005490315,0.0,9934.96,0.0,0.0
PV Modules Materials,"Cleveland County, Oklahoma",35.30086,-97.476702,3,4821.641384384416,0.0,9905.13,0.0,0.0
PV Modules Materials,"Cleveland County, Oklahoma",35.30086,-97.476702,4,4775.240208232787,0.0,9902.4,0.0,0.0
PV Modules Materials,"Cleveland County, Oklahoma",35.30086,-97.476702,5,4922.621437907229,0.0,9983.62,0.0,0.0
PV Modules Materials,"Cleveland County, Oklahoma",35.30086,-97.476702,6,4863.584552416308,0.0,9979.69,0.0,0.0
PV Modules Materials,"Cleveland County, Oklahoma",35.30086,-97.476702,7,5012.588540943749,0.0,9788.46,0.0,0.0
PV Modules Materials,"Cleveland County, Oklahoma",35.30086,-97.476702,8,4968.183869755192,0.0,9788.46,0.0,0.0
PV Modules Materials,"Cleveland County, Oklahoma",35.30086,-97.476702,9,4759.230679507333,0.0,10012.21,0.0,0.0
PV Modules Materials,"Cleveland County, Oklahoma",35.30086,-97.476702,10,4735.784616566827,0.0,10012.21,0.0,0.0
PV Modules Materials,"Cleveland County, Oklahoma",35.30086,-97.476702,11,5274.0443451153,0.0,9975.74,0.0,0.0
PV Modules Materials,"Cleveland County, Oklahoma",35.30086,-97.476702,12,5253.302337410562,0.0,9975.74,0.0,0.0
PV Modules Materials,"Cleveland County, Oklahoma",35.30086,-97.476702,13,5338.415633864002,0.0,9784.75,0.0,0.0
PV Modules Materials,"Cleveland County, Oklahoma",35.30086,-97.476702,14,5319.687397925665,0.0,9784.75,0.0,0.0
PV Modules Materials,"Cleveland County, Oklahoma",35.30086,-97.476702,15,8660.923293571785,0.0,9395.21,0.0,0.0
PV Modules Materials,"Cleveland County, Oklahoma",35.30086,-97.476702,16,8633.499891465854,0.0,9395.21,0.0,0.0
PV Modules Materials,"Cleveland County, Oklahoma",35.30086,-97.476702,17,7690.192411045499,0.0,9735.31,0.0,0.0
PV Modules Materials,"Cleveland County, Oklahoma",35.30086,-97.476702,18,7668.004709180454,0.0,9735.16,0.0,0.0
PV Modules Materials,"Cleveland County, Oklahoma",35.30086,-97.476702,19,5536.8704967518825,0.0,9754.65,0.0,0.0
PV Modules Materials,"Cleveland County, Oklahoma",35.30086,-97.476702,20,5522.198274912302,0.0,9754.65,0.0,0.0
PV Modules Materials,"Cleveland County, Oklahoma",35.30086,-97.476702,21,5712.464675503532,0.0,9901.7,0.0,0.0
PV Modules Materials,"Cleveland County, Oklahoma",35.30086,-97.476702,22,5698.468480994107,0.0,9901.7,0.0,0.0
PV Modules Materials,"Cleveland County, Oklahoma",35.30086,-97.476702,23,6982.846665880781,0.0,9738.5,0.0,0.0
PV Modules Materials,"Cleveland County, Oklahoma",35.30086,-97.476702,24,6966.937390617908,0.0,9738.5,0.0,0.0
PV Modules Materials,"Cleveland County, Oklahoma",35.30086,-97.476702,25,5058.866758053096,0.0,9913.51,0.0,0.0
PV Modules Materials,"Cleveland County, Oklahoma",35.30086,-97.476702,26,5048.096083220436,0.0,9913.51,0.0,0.0
PV Modules Materials,"Tazewell County, Illinois",40.365956,-89.522744,1,263439.93379926926,0.0,9885.77,0.0,0.0
PV Modules Materials,"Tazewell County, Illinois",40.365956,-89.522744,2,258681.4687412316,0.0,9881.76,0.0,0.0
PV Modules Materials,"Tazewell County, Illinois",40.365956,-89.522744,3,42.2515137077188,0.0,9855.67,0.0,0.0
PV Modules Materials,"Tazewell County, Illinois",40.365956,-89.522744,4,41.84490529910214,0.0,9852.94,0.0,0.0
PV Modules Materials,"Tazewell County, Illinois",40.365956,-89.522744,5,103.3859863046379,0.0,9944.68,0.0,0.0
PV Modules Materials,"Tazewell County, Illinois",40.365956,-89.522744,6,102.14608055283028,0.0,9935.72,0.0,0.0
PV Modules Materials,"Tazewell County, Illinois",40.365956,-89.522744,7,223.78898692408885,0.0,9731.04,0.0,0.0
PV Modules Materials,"Tazewell County, Illinois",40.365956,-89.522744,8,221.80652291396413,0.0,9730.24,0.0,0.0
PV Modules Materials,"Tazewell County, Illinois",40.365956,-89.522744,9,598.0125963956626,0.0,9968.25,0.0,0.0
PV Modules Materials,"Tazewell County, Illinois",40.365956,-89.522744,10,595.0665234022521,0.0,9968.17,0.0,0.0
PV Modules Materials,"Tazewell County, Illinois",40.365956,-89.522744,11,1191.4924437483721,0.0,9920.26,0.0,0.0
PV Modules Materials,"Tazewell County, Illinois",40.365956,-89.522744,12,1186.806486666639,0.0,9920.25,0.0,0.0
PV Modules Materials,"Tazewell County, Illinois",40.365956,-89.522744,13,580.9396580178625,0.0,9730.4,0.0,0.0
PV Modules Materials,"Tazewell County, Illinois",40.365956,-89.522744,14,578.901604833641,0.0,9730.4,0.0,0.0
PV Modules Materials,"Tazewell County, Illinois",40.365956,-89.522744,15,402.6670052942377,0.0,9334.84,0.0,0.0
PV Modules Materials,"Tazewell County, Illinois",40.365956,-89.522744,16,401.39202584612633,0.0,9334.84,0.0,0.0
PV Modules Materials,"Tazewell County, Illinois",40.365956,-89.522744,17,254.00071207436127,0.0,9720.95,0.0,0.0
PV Modules Materials,"Tazewell County, Illinois",40.365956,-89.522744,18,253.2678705833057,0.0,9720.95,0.0,0.0
PV Modules Materials,"Tazewell County, Illinois",40.365956,-89.522744,19,193.59832648864904,0.0,9720.95,0.0,0.0
PV Modules Materials,"Tazewell County, Illinois",40.365956,-89.522744,20,193.0853078808128,0.0,9720.95,0.0,0.0
PV Modules Materials,"Tazewell County, Illinois",40.365956,-89.522744,21,334.03455892959204,0.0,9849.3,0.0,0.0
PV Modules Materials,"Tazewell County, Illinois",40.365956,-89.522744,22,333.2161358976392,0.0,9849.3,0.0,0.0
PV Modules Materials,"Tazewell County, Illinois",40.365956,-89.522744,23,236.46638509999747,0.0,9723.08,0.0,0.0
PV Modules Materials,"Tazewell County, Illinois",40.365956,-89.522744,24,235.9276350756909,0.0,9723.08,0.0,0.0
PV Modules Materials,"Tazewell County, Illinois",40.365956,-89.522744,25,165.12453899373028,0.0,9889.12,0.0,0.0
PV Modules Materials,"Tazewell County, Illinois",40.365956,-89.522744,26,164.77297750744225,0.0,9889.12,0.0,0.0
PV Modules Materials,"Sanpete County, Utah",39.100507,-111.93171,1,676.1888489222421,0.0,10061.79,0.0,0.0
PV Modules Materials,"Sanpete County, Utah",39.100507,-111.93171,2,663.9749792790658,0.0,10057.38,0.0,0.0
PV Modules Materials,"Sanpete County, Utah",39.100507,-111.93171,3,1514.9409161816916,0.0,10026.01,0.0,0.0
PV Modules Materials,"Sanpete County, Utah",39.100507,-111.93171,4,1500.3618476224417,0.0,10023.28,0.0,0.0
PV Modules Materials,"Sanpete County, Utah",39.100507,-111.93171,5,8221.96422991607,0.0,10108.74,0.0,0.0
PV Modules Materials,"Sanpete County, Utah",39.100507,-111.93171,6,8123.35840233524,0.0,10104.64,0.0,0.0
PV Modules Materials,"Sanpete County, Utah",39.100507,-111.93171,7,11291.424845887464,0.0,9905.65,0.0,0.0
PV Modules Materials,"Sanpete County, Utah",39.100507,-111.93171,8,11191.398282079866,0.0,9905.62,0.0,0.0
PV Modules Materials,"Sanpete County, Utah",39.100507,-111.93171,9,82849.50072280705,0.0,10137.33,0.0,0.0
PV Modules Materials,"Sanpete County, Utah",39.100507,-111.93171,10,82441.34765367754,0.0,10137.33,0.0,0.0
PV Modules Materials,"Sanpete County, Utah",39.100507,-111.93171,11,45594.320521077585,0.0,10097.05,0.0,0.0
PV Modules Materials,"Sanpete County, Utah",39.100507,-111.93171,12,45415.005049751235,0.0,10097.05,0.0,0.0
PV Modules Materials,"Sanpete County, Utah",39.100507,-111.93171,13,3363.9889126218995,0.0,9906.05,0.0,0.0
PV Modules Materials,"Sanpete County, Utah",39.100507,-111.93171,14,3352.187362804407,0.0,9906.05,0.0,0.0
PV Modules Materials,"Sanpete County, Utah",39.100507,-111.93171,15,28426.891694319667,0.0,9516.52,0.0,0.0
PV Modules Materials,"Sanpete County, Utah",39.100507,-111.93171,16,28336.88257460681,0.0,9516.52,0.0,0.0
PV Modules Materials,"Sanpete County, Utah",39.100507,-111.93171,17,7068.922095097709,0.0,9856.62,0.0,0.0
PV Modules Materials,"Sanpete County, Utah",39.100507,-111.93171,18,7048.5268790133905,0.0,9856.47,0.0,0.0
PV Modules Materials,"Sanpete County, Utah",39.100507,-111.93171,19,2896.554869162583,0.0,9870.84,0.0,0.0
PV Modules Materials,"Sanpete County, Utah",39.100507,-111.93171,20,2888.87925246976,0.0,9870.84,0.0,0.0
PV Modules Materials,"Sanpete County, Utah",39.100507,-111.93171,21,1197.0283237505796,0.0,10022.55,0.0,0.0
PV Modules Materials,"Sanpete County, Utah",39.100507,-111.93171,22,1194.0954668833242,0.0,10022.55,0.0,0.0
PV Modules Materials,"Sanpete County, Utah",39.100507,-111.93171,23,26176.102125601145,0.0,9859.81,0.0,0.0
PV Modules Materials,"Sanpete County, Utah",39.100507,-111.93171,24,26116.46415358895,0.0,9859.81,0.0,0.0
PV Modules Materials,"Sanpete County, Utah",39.100507,-111.93171,25,32577.058702276052,0.0,10023.53,0.0,0.0
PV Modules Materials,"Sanpete County, Utah",39.100507,-111.93171,26,32507.69990650857,0.0,10023.53,0.0,0.0
PV Modules Materials,"Twiggs County, Georgia",32.654984,-83.441858,1,1453.403273236136,0.0,9820.38,0.0,0.0
PV Modules Materials,"Twiggs County, Georgia",32.654984,-83.441858,2,1427.1507283345663,0.0,9815.82,0.0,0.0
PV Modules Materials,"Twiggs County, Georgia",32.654984,-83.441858,3,2872.349404251347,0.0,9808.77,0.0,0.0
PV Modules Materials,"Twiggs County, Georgia",32.654984,-83.441858,4,2844.70728405814,0.0,9808.77,0.0,0.0
PV Modules Materials,"Twiggs County, Georgia",32.654984,-83.441858,5,353041.42212136876,0.0,9919.84,0.0,0.0
PV Modules Materials,"Twiggs County, Georgia",32.654984,-83.441858,6,348807.40447970515,0.0,9910.88,0.0,0.0
PV Modules Materials,"Twiggs County, Georgia",32.654984,-83.441858,7,3222.2217205070065,0.0,9708.76,0.0,0.0
PV Modules Materials,"Twiggs County, Georgia",32.654984,-83.441858,8,3193.677247960134,0.0,9706.98,0.0,0.0
PV Modules Materials,"Twiggs County, Georgia",32.654984,-83.441858,9,216383.6112123761,0.0,9924.92,0.0,0.0
PV Modules Materials,"Twiggs County, Georgia",32.654984,-83.441858,10,215317.61040060117,0.0,9924.92,0.0,0.0
PV Modules Materials,"Twiggs County, Georgia",32.654984,-83.441858,11,4570.344299914716,0.0,9901.92,0.0,0.0
PV Modules Materials,"Twiggs County, Georgia",32.654984,-83.441858,12,4552.369836584702,0.0,9901.92,0.0,0.0
PV Modules Materials,"Twiggs County, Georgia",32.654984,-83.441858,13,5369.456756359133,0.0,9729.83,0.0,0.0
PV Modules Materials,"Twiggs County, Georgia",32.654984,-83.441858,14,5350.619621918742,0.0,9729.83,0.0,0.0
PV Modules Materials,"Twiggs County, Georgia",32.654984,-83.441858,15,6276.114585706292,0.0,9298.04,0.0,0.0
PV Modules Materials,"Twiggs County, Georgia",32.654984,-83.441858,16,6256.242291712595,0.0,9298.04,0.0,0.0
PV Modules Materials,"Twiggs County, Georgia",32.654984,-83.441858,17,7270.53221848935,0.0,9695.53,0.0,0.0
PV Modules Materials,"Twiggs County, Georgia",32.654984,-83.441858,18,7249.555317959219,0.0,9695.37,0.0,0.0
PV Modules Materials,"Twiggs County, Georgia",32.654984,-83.441858,19,262707.7708473185,0.0,9714.84,0.0,0.0
PV Modules Materials,"Twiggs County, Georgia",32.654984,-83.441858,20,262011.6182652571,0.0,9714.84,0.0,0.0
PV Modules Materials,"Twiggs County, Georgia",32.654984,-83.441858,21,12050.70342265101,0.0,9809.02,0.0,0.0
PV Modules Materials,"Twiggs County, Georgia",32.654984,-83.441858,22,12021.177815288898,0.0,9808.77,0.0,0.0
PV Modules Materials,"Twiggs County, Georgia",32.654984,-83.441858,23,41241.345971045346,0.0,9702.5,0.0,0.0
PV Modules Materials,"Twiggs County, Georgia",32.654984,-83.441858,24,41147.38430230777,0.0,9702.5,0.0,0.0
PV Modules Materials,"Twiggs County, Georgia",32.654984,-83.441858,25,14193.08923115602,0.0,9798.79,0.0,0.0
PV Modules Materials,"Twiggs County, Georgia",32.654984,-83.441858,26,14162.871169228141,0.0,9798.79,0.0,0.0
PV Modules Materials,"Madison County, New York",43.012552,-75.576844,1,126181.96548617349,0.0,9837.69,0.0,0.0
PV Modules Materials,"Madison County, New York",43.012552,-75.576844,2,123902.76481579228,0.0,9833.83,0.0,0.0
PV Modules Materials,"Madison County, New York",43.012552,-75.576844,3,124982.28297077489,0.0,9842.81,0.0,0.0
PV Modules Materials,"Madison County, New York",43.012552,-75.576844,4,123779.51311179253,0.0,9842.44,0.0,0.0
PV Modules Materials,"Madison County, New York",43.012552,-75.576844,5,182749.2483147753,0.0,9945.1,0.0,0.0
PV Modules Materials,"Madison County, New York",43.012552,-75.576844,6,180557.54079015652,0.0,9935.35,0.0,0.0
PV Modules Materials,"Madison County, New York",43.012552,-75.576844,7,14368.536216955914,0.0,9691.32,0.0,0.0
PV Modules Materials,"Madison County, New York",43.012552,-75.576844,8,14241.250659610989,0.0,9690.52,0.0,0.0
PV Modules Materials,"Madison County, New York",43.012552,-75.576844,9,13832.139396974355,0.0,10021.79,0.0,0.0
PV Modules Materials,"Madison County, New York",43.012552,-75.576844,10,13763.996196372687,0.0,10020.23,0.0,0.0
PV Modules Materials,"Madison County, New York",43.012552,-75.576844,11,245924.13307824294,0.0,9938.79,0.0,0.0
PV Modules Materials,"Madison County, New York",43.012552,-75.576844,12,244956.95117204325,0.0,9938.79,0.0,0.0
PV Modules Materials,"Madison County, New York",43.012552,-75.576844,13,283038.63609604543,0.0,9743.8,0.0,0.0
PV Modules Materials,"Madison County, New York",43.012552,-75.576844,14,282045.67962355836,0.0,9743.8,0.0,0.0
PV Modules Materials,"Madison County, New York",43.012552,-75.576844,15,849.937177987994,0.0,9284.84,0.0,0.0
PV Modules Materials,"Madison County, New York",43.012552,-75.576844,16,847.245990431346,0.0,9284.84,0.0,0.0
PV Modules Materials,"Madison County, New York",43.012552,-75.576844,17,970.339925143436,0.0,9671.59,0.0,0.0
PV Modules Materials,"Madison County, New York",43.012552,-75.576844,18,967.5403055999883,0.0,9671.44,0.0,0.0
PV Modules Materials,"Madison County, New York",43.012552,-75.576844,19,31623.63872840903,0.0,9706.15,0.0,0.0
PV Modules Materials,"Madison County, New York",43.012552,-75.576844,20,31539.83885570654,0.0,9706.15,0.0,0.0
PV Modules Materials,"Madison County, New York",43.012552,-75.576844,21,79374.44505737953,0.0,9849.51,0.0,0.0
PV Modules Materials,"Madison County, New York",43.012552,-75.576844,22,79179.96855114141,0.0,9849.27,0.0,0.0
PV Modules Materials,"Madison County, New York",43.012552,-75.576844,23,170608.3563313917,0.0,9703.33,0.0,0.0
PV Modules Materials,"Madison County, New York",43.012552,-75.576844,24,170219.65306567572,0.0,9703.0,0.0,0.0
PV Modules Materials,"Madison County, New York",43.012552,-75.576844,25,3060.1028601799444,0.0,9911.52,0.0,0.0
PV Modules Materials,"Madison County, New York",43.012552,-75.576844,26,3053.5876909853764,0.0,9911.4,0.0,0.0
PV Modules Materials,"Douglas County, Oregon",42.808348,-122.794129,1,32226.363112137285,0.0,10147.11,0.0,0.0
PV Modules Materials,"Douglas County, Oregon",42.808348,-122.794129,2,31644.264488723624,0.0,10142.86,0.0,0.0
PV Modules Materials,"Douglas County, Oregon",42.808348,-122.794129,3,6080.365105933401,0.0,10111.78,0.0,0.0
PV Modules Materials,"Douglas County, Oregon",42.808348,-122.794129,4,6021.850573255717,0.0,10109.06,0.0,0.0
PV Modules Materials,"Douglas County, Oregon",42.808348,-122.794129,5,6477.068100615319,0.0,10199.21,0.0,0.0
PV Modules Materials,"Douglas County, Oregon",42.808348,-122.794129,6,6399.388772111954,0.0,10192.59,0.0,0.0
PV Modules Materials,"Douglas County, Oregon",42.808348,-122.794129,7,857.6111530808118,0.0,9990.71,0.0,0.0
PV Modules Materials,"Douglas County, Oregon",42.808348,-122.794129,8,850.0138925139148,0.0,9990.61,0.0,0.0
PV Modules Materials,"Douglas County, Oregon",42.808348,-122.794129,9,7565.707570669036,0.0,10224.03,0.0,0.0
PV Modules Materials,"Douglas County, Oregon",42.808348,-122.794129,10,7528.435568566858,0.0,10224.03,0.0,0.0
PV Modules Materials,"Douglas County, Oregon",42.808348,-122.794129,11,4277.812824558446,0.0,10181.76,0.0,0.0
PV Modules Materials,"Douglas County, Oregon",42.808348,-122.794129,12,4260.988842665197,0.0,10181.76,0.0,0.0
PV Modules Materials,"Douglas County, Oregon",42.808348,-122.794129,13,759.3002071376357,0.0,9991.47,0.0,0.0
PV Modules Materials,"Douglas County, Oregon",42.808348,-122.794129,14,756.6364292674574,0.0,9991.47,0.0,0.0
PV Modules Materials,"Douglas County, Oregon",42.808348,-122.794129,15,774.0880586083135,0.0,9597.21,0.0,0.0
PV Modules Materials,"Douglas County, Oregon",42.808348,-122.794129,16,771.6370349267659,0.0,9597.21,0.0,0.0
PV Modules Materials,"Douglas County, Oregon",42.808348,-122.794129,17,757.1583439773235,0.0,9948.25,0.0,0.0
PV Modules Materials,"Douglas County, Oregon",42.808348,-122.794129,18,754.9737947875437,0.0,9948.09,0.0,0.0
PV Modules Materials,"Douglas County, Oregon",42.808348,-122.794129,19,63683.28819386999,0.0,9959.02,0.0,0.0
PV Modules Materials,"Douglas County, Oregon",42.808348,-122.794129,20,63514.533058202185,0.0,9959.02,0.0,0.0
PV Modules Materials,"Douglas County, Oregon",42.808348,-122.794129,21,601.531529550053,0.0,10107.28,0.0,0.0
PV Modules Materials,"Douglas County, Oregon",42.808348,-122.794129,22,600.0577082190891,0.0,10107.28,0.0,0.0
PV Modules Materials,"Douglas County, Oregon",42.808348,-122.794129,23,762.2651258646601,0.0,9947.99,0.0,0.0
PV Modules Materials,"Douglas County, Oregon",42.808348,-122.794129,24,760.5284293151105,0.0,9947.99,0.0,0.0
PV Modules Materials,"Douglas County, Oregon",42.808348,-122.794129,25,581.6951371365626,0.0,10111.72,0.0,0.0
PV Modules Materials,"Douglas County, Oregon",42.808348,-122.794129,26,580.456668231671,0.0,10111.72,0.0,0.0
PV Modules Materials,"Ouachita Parish, Louisiana",32.566456,-91.929224,1,310.39766003300974,0.0,9890.23,0.0,0.0
PV Modules Materials,"Ouachita Parish, Louisiana",32.566456,-91.929224,2,304.79100656152366,0.0,9885.67,0.0,0.0
PV Modules Materials,"Ouachita Parish, Louisiana",32.566456,-91.929224,3,171975.48121079046,0.0,9866.74,0.0,0.0
PV Modules Materials,"Ouachita Parish, Louisiana",32.566456,-91.929224,4,170320.47123363474,0.0,9864.69,0.0,0.0
PV Modules Materials,"Ouachita Parish, Louisiana",32.566456,-91.929224,5,164468.0784127019,0.0,9950.48,0.0,0.0
PV Modules Materials,"Ouachita Parish, Louisiana",32.566456,-91.929224,6,162495.61653753283,0.0,9950.48,0.0,0.0
PV Modules Materials,"Ouachita Parish, Louisiana",32.566456,-91.929224,7,1059.9397616866027,0.0,9753.23,0.0,0.0
PV Modules Materials,"Ouachita Parish, Louisiana",32.566456,-91.929224,8,1050.5501466777257,0.0,9753.23,0.0,0.0
PV Modules Materials,"Ouachita Parish, Louisiana",32.566456,-91.929224,9,77493.52058577412,0.0,9971.04,0.0,0.0
PV Modules Materials,"Ouachita Parish, Louisiana",32.566456,-91.929224,10,77111.75342980101,0.0,9970.07,0.0,0.0
PV Modules Materials,"Ouachita Parish, Louisiana",32.566456,-91.929224,11,143062.24093095865,0.0,9956.45,0.0,0.0
PV Modules Materials,"Ouachita Parish, Louisiana",32.566456,-91.929224,12,142499.59907407025,0.0,9956.45,0.0,0.0
PV Modules Materials,"Ouachita Parish, Louisiana",32.566456,-91.929224,13,313.99633284841207,0.0,9755.12,0.0,0.0
PV Modules Materials,"Ouachita Parish, Louisiana",32.566456,-91.929224,14,312.89477054815677,0.0,9755.12,0.0,0.0
PV Modules Materials,"Ouachita Parish, Louisiana",32.566456,-91.929224,15,528.5992199073578,0.0,9339.43,0.0,0.0
PV Modules Materials,"Ouachita Parish, Louisiana",32.566456,-91.929224,16,526.9254966253193,0.0,9339.43,0.0,0.0
PV Modules Materials,"Ouachita Parish, Louisiana",32.566456,-91.929224,17,475.3251521206912,0.0,9716.14,0.0,0.0
PV Modules Materials,"Ouachita Parish, Louisiana",32.566456,-91.929224,18,473.95374654323575,0.0,9715.99,0.0,0.0
PV Modules Materials,"Ouachita Parish, Louisiana",32.566456,-91.929224,19,427.68149970275783,0.0,9741.19,0.0,0.0
PV Modules Materials,"Ouachita Parish, Louisiana",32.566456,-91.929224,20,426.5481811893477,0.0,9741.19,0.0,0.0
PV Modules Materials,"Ouachita Parish, Louisiana",32.566456,-91.929224,21,503.03318875121727,0.0,9860.61,0.0,0.0
PV Modules Materials,"Ouachita Parish, Louisiana",32.566456,-91.929224,22,501.80069966736335,0.0,9860.61,0.0,0.0
PV Modules Materials,"Ouachita Parish, Louisiana",32.566456,-91.929224,23,665.2969269343649,0.0,9725.66,0.0,0.0
PV Modules Materials,"Ouachita Parish, Louisiana",32.566456,-91.929224,24,663.7811565833049,0.0,9725.66,0.0,0.0
PV Modules Materials,"Ouachita Parish, Louisiana",32.566456,-91.929224,25,302.51018773853224,0.0,9856.13,0.0,0.0
PV Modules Materials,"Ouachita Parish, Louisiana",32.566456,-91.929224,26,301.8661227687419,0.0,9856.13,0.0,0.0
PV Modules Materials,"Cass County, Michigan",42.062259,-85.909939,1,202.4332424814063,0.0,9867.61,0.0,0.0
PV Modules Materials,"Cass County, Michigan",42.062259,-85.909939,2,198.77672960182502,0.0,9863.75,0.0,0.0
PV Modules Materials,"Cass County, Michigan",42.062259,-85.909939,3,423335.6960044344,0.0,9864.27,0.0,0.0
PV Modules Materials,"Cass County, Michigan",42.062259,-85.909939,4,419261.71525066195,0.0,9864.27,0.0,0.0
PV Modules Materials,"Cass County, Michigan",42.062259,-85.909939,5,711.0393909583493,0.0,9940.07,0.0,0.0
PV Modules Materials,"Cass County, Michigan",42.062259,-85.909939,6,702.5119119244573,0.0,9931.11,0.0,0.0
PV Modules Materials,"Cass County, Michigan",42.062259,-85.909939,7,806.2542473101884,0.0,9721.37,0.0,0.0
PV Modules Materials,"Cass County, Michigan",42.062259,-85.909939,8,799.1119386100522,0.0,9720.57,0.0,0.0
PV Modules Materials,"Cass County, Michigan",42.062259,-85.909939,9,14743.229684611284,0.0,9981.9,0.0,0.0
PV Modules Materials,"Cass County, Michigan",42.062259,-85.909939,10,14670.598052650235,0.0,9981.82,0.0,0.0
PV Modules Materials,"Cass County, Michigan",42.062259,-85.909939,11,770.8082888578128,0.0,9916.6,0.0,0.0
PV Modules Materials,"Cass County, Michigan",42.062259,-85.909939,12,767.7768180509408,0.0,9916.6,0.0,0.0
PV Modules Materials,"Cass County, Michigan",42.062259,-85.909939,13,677.54169594576,0.0,9732.21,0.0,0.0
PV Modules Materials,"Cass County, Michigan",42.062259,-85.909939,14,675.1647433796767,0.0,9732.21,0.0,0.0
PV Modules Materials,"Cass County, Michigan",42.062259,-85.909939,15,692.9961275579403,0.0,9315.62,0.0,0.0
PV Modules Materials,"Cass County, Michigan",42.062259,-85.909939,16,690.8018682602071,0.0,9315.62,0.0,0.0
PV Modules Materials,"Cass County, Michigan",42.062259,-85.909939,17,665.5442548770837,0.0,9705.07,0.0,0.0
PV Modules Materials,"Cass County, Michigan",42.062259,-85.909939,18,663.624030165411,0.0,9704.92,0.0,0.0
PV Modules Materials,"Cass County, Michigan",42.062259,-85.909939,19,660.5670553403721,0.0,9730.89,0.0,0.0
PV Modules Materials,"Cass County, Michigan",42.062259,-85.909939,20,658.8166105030659,0.0,9730.89,0.0,0.0
PV Modules Materials,"Cass County, Michigan",42.062259,-85.909939,21,867.3191456704201,0.0,9846.66,0.0,0.0
PV Modules Materials,"Cass County, Michigan",42.062259,-85.909939,22,865.1941141552832,0.0,9846.41,0.0,0.0
PV Modules Materials,"Cass County, Michigan",42.062259,-85.909939,23,16939.468016019695,0.0,9727.07,0.0,0.0
PV Modules Materials,"Cass County, Michigan",42.062259,-85.909939,24,16900.874205734526,0.0,9727.07,0.0,0.0
PV Modules Materials,"Cass County, Michigan",42.062259,-85.909939,25,745.5623021620854,0.0,9884.76,0.0,0.0
PV Modules Materials,"Cass County, Michigan",42.062259,-85.909939,26,743.9749488064559,0.0,9884.62,0.0,0.0
PV Modules Materials,"Sumter County, Florida",28.708695,-82.192477,1,90365.5746026074,0.0,9812.98,0.0,0.0
PV Modules Materials,"Sumter County, Florida",28.708695,-82.192477,2,88733.31853954728,0.0,9808.43,0.0,0.0
PV Modules Materials,"Sumter County, Florida",28.708695,-82.192477,3,73163.71541027293,0.0,9794.58,0.0,0.0
PV Modules Materials,"Sumter County, Florida",28.708695,-82.192477,4,72459.62272149384,0.0,9794.58,0.0,0.0
PV Modules Materials,"Sumter County, Florida",28.708695,-82.192477,5,791456.0963778895,0.0,9941.48,0.0,0.0
PV Modules Materials,"Sumter County, Florida",28.708695,-82.192477,6,781964.1816486482,0.0,9932.51,0.0,0.0
PV Modules Materials,"Sumter County, Florida",28.708695,-82.192477,7,301705.0201981212,0.0,9724.81,0.0,0.0
PV Modules Materials,"Sumter County, Florida",28.708695,-82.192477,8,299032.3268165671,0.0,9724.81,0.0,0.0
PV Modules Materials,"Sumter County, Florida",28.708695,-82.192477,9,709489.1402651995,0.0,9946.55,0.0,0.0
PV Modules Materials,"Sumter County, Florida",28.708695,-82.192477,10,705993.884800931,0.0,9946.55,0.0,0.0
PV Modules Materials,"Sumter County, Florida",28.708695,-82.192477,11,194030.87890806643,0.0,9944.11,0.0,0.0
PV Modules Materials,"Sumter County, Florida",28.708695,-82.192477,12,193267.78521337733,0.0,9944.11,0.0,0.0
PV Modules Materials,"Sumter County, Florida",28.708695,-82.192477,13,297529.61541291466,0.0,9761.59,0.0,0.0
PV Modules Materials,"Sumter County, Florida",28.708695,-82.192477,14,296485.82166992687,0.0,9761.59,0.0,0.0
PV Modules Materials,"Sumter County, Florida",28.708695,-82.192477,15,13319.177547004821,0.0,9330.26,0.0,0.0
PV Modules Materials,"Sumter County, Florida",28.708695,-82.192477,16,13277.004541978567,0.0,9330.26,0.0,0.0
PV Modules Materials,"Sumter County, Florida",28.708695,-82.192477,17,87088.82392352606,0.0,9692.41,0.0,0.0
PV Modules Materials,"Sumter County, Florida",28.708695,-82.192477,18,86837.555716216,0.0,9692.41,0.0,0.0
PV Modules Materials,"Sumter County, Florida",28.708695,-82.192477,19,399693.17875213834,0.0,9725.03,0.0,0.0
PV Modules Materials,"Sumter County, Florida",28.708695,-82.192477,20,398634.0268377386,0.0,9725.03,0.0,0.0
PV Modules Materials,"Sumter County, Florida",28.708695,-82.192477,21,467445.47188807314,0.0,9832.19,0.0,0.0
PV Modules Materials,"Sumter County, Florida",28.708695,-82.192477,22,466300.1767976453,0.0,9832.19,0.0,0.0
PV Modules Materials,"Sumter County, Florida",28.708695,-82.192477,23,12458.561691023713,0.0,9692.41,0.0,0.0
PV Modules Materials,"Sumter County, Florida",28.708695,-82.192477,24,12430.176893704529,0.0,9692.41,0.0,0.0
PV Modules Materials,"Sumter County, Florida",28.708695,-82.192477,25,43616.71679671852,0.0,9766.57,0.0,0.0
PV Modules Materials,"Sumter County, Florida",28.708695,-82.192477,26,43523.85381052939,0.0,9766.44,0.0,0.0
PV Modules Materials,"Rankin County, Mississippi",32.312282,-89.943104,1,95748.77950049596,0.0,9873.17,0.0,0.0
PV Modules Materials,"Rankin County, Mississippi",32.312282,-89.943104,2,94019.28763860522,0.0,9868.62,0.0,0.0
PV Modules Materials,"Rankin County, Mississippi",32.312282,-89.943104,3,55923.19076951539,0.0,9849.51,0.0,0.0
PV Modules Materials,"Rankin County, Mississippi",32.312282,-89.943104,4,55385.01266397203,0.0,9846.7,0.0,0.0
PV Modules Materials,"Rankin County, Mississippi",32.312282,-89.943104,5,2542.819228543717,0.0,9932.93,0.0,0.0
PV Modules Materials,"Rankin County, Mississippi",32.312282,-89.943104,6,2512.323256120645,0.0,9932.93,0.0,0.0
PV Modules Materials,"Rankin County, Mississippi",32.312282,-89.943104,7,3590.1061082663623,0.0,9735.25,0.0,0.0
PV Modules Materials,"Rankin County, Mississippi",32.312282,-89.943104,8,3558.302683754767,0.0,9735.25,0.0,0.0
PV Modules Materials,"Rankin County, Mississippi",32.312282,-89.943104,9,4072.7016367930646,0.0,9954.33,0.0,0.0
PV Modules Materials,"Rankin County, Mississippi",32.312282,-89.943104,10,4052.6377177808363,0.0,9953.36,0.0,0.0
PV Modules Materials,"Rankin County, Mississippi",32.312282,-89.943104,11,8172.816498591732,0.0,9942.38,0.0,0.0
PV Modules Materials,"Rankin County, Mississippi",32.312282,-89.943104,12,8140.67406449555,0.0,9942.38,0.0,0.0
PV Modules Materials,"Rankin County, Mississippi",32.312282,-89.943104,13,2218.659590496023,0.0,9741.18,0.0,0.0
PV Modules Materials,"Rankin County, Mississippi",32.312282,-89.943104,14,2210.8760863390826,0.0,9741.18,0.0,0.0
PV Modules Materials,"Rankin County, Mississippi",32.312282,-89.943104,15,2884.9809397904296,0.0,9325.5,0.0,0.0
PV Modules Materials,"Rankin County, Mississippi",32.312282,-89.943104,16,2875.846117820754,0.0,9325.5,0.0,0.0
PV Modules Materials,"Rankin County, Mississippi",32.312282,-89.943104,17,3146.3519857028723,0.0,9702.2,0.0,0.0
PV Modules Materials,"Rankin County, Mississippi",32.312282,-89.943104,18,3137.274147842665,0.0,9702.05,0.0,0.0
PV Modules Materials,"Rankin County, Mississippi",32.312282,-89.943104,19,4174.001799142823,0.0,9733.18,0.0,0.0
PV Modules Materials,"Rankin County, Mississippi",32.312282,-89.943104,20,4162.941059977664,0.0,9733.18,0.0,0.0
PV Modules Materials,"Rankin County, Mississippi",32.312282,-89.943104,21,5690.993441661857,0.0,9842.62,0.0,0.0
PV Modules Materials,"Rankin County, Mississippi",32.312282,-89.943104,22,5677.049854141232,0.0,9842.62,0.0,0.0
PV Modules Materials,"Rankin County, Mississippi",32.312282,-89.943104,23,6693.8236290746,0.0,9723.02,0.0,0.0
PV Modules Materials,"Rankin County, Mississippi",32.312282,-89.943104,24,6678.572845580183,0.0,9723.02,0.0,0.0
PV Modules Materials,"Rankin County, Mississippi",32.312282,-89.943104,25,10322.272351085969,0.0,9841.82,0.0,0.0
PV Modules Materials,"Rankin County, Mississippi",32.312282,-89.943104,26,10300.295524190751,0.0,9841.82,0.0,0.0
PV Modules Materials,"Cuyahoga County, Ohio",41.281664,-81.839376,1,1538.6692963930568,0.0,9836.93,0.0,0.0
PV Modules Materials,"Cuyahoga County, Ohio",41.281664,-81.839376,2,1510.8766076492889,0.0,9833.07,0.0,0.0
PV Modules Materials,"Cuyahoga County, Ohio",41.281664,-81.839376,3,2495.666496657686,0.0,9842.05,0.0,0.0
PV Modules Materials,"Cuyahoga County, Ohio",41.281664,-81.839376,4,2471.649393041857,0.0,9842.05,0.0,0.0
PV Modules Materials,"Cuyahoga County, Ohio",41.281664,-81.839376,5,4112.144282047529,0.0,9916.98,0.0,0.0
PV Modules Materials,"Cuyahoga County, Ohio",41.281664,-81.839376,6,4062.8274304139836,0.0,9908.02,0.0,0.0
PV Modules Materials,"Cuyahoga County, Ohio",41.281664,-81.839376,7,70457.24399659173,0.0,9691.95,0.0,0.0
PV Modules Materials,"Cuyahoga County, Ohio",41.281664,-81.839376,8,69833.08928551474,0.0,9691.16,0.0,0.0
PV Modules Materials,"Cuyahoga County, Ohio",41.281664,-81.839376,9,25042.249929925518,0.0,9981.68,0.0,0.0
PV Modules Materials,"Cuyahoga County, Ohio",41.281664,-81.839376,10,24918.880795801168,0.0,9980.12,0.0,0.0
PV Modules Materials,"Cuyahoga County, Ohio",41.281664,-81.839376,11,28862.17603725376,0.0,9907.95,0.0,0.0
PV Modules Materials,"Cuyahoga County, Ohio",41.281664,-81.839376,12,28748.665524530323,0.0,9907.95,0.0,0.0
PV Modules Materials,"Cuyahoga County, Ohio",41.281664,-81.839376,13,115894.70809443621,0.0,9724.09,0.0,0.0
PV Modules Materials,"Cuyahoga County, Ohio",41.281664,-81.839376,14,115488.12614464783,0.0,9724.09,0.0,0.0
PV Modules Materials,"Cuyahoga County, Ohio",41.281664,-81.839376,15,3705.542723103534,0.0,9285.47,0.0,0.0
PV Modules Materials,"Cuyahoga County, Ohio",41.281664,-81.839376,16,3693.809725977028,0.0,9285.47,0.0,0.0
PV Modules Materials,"Cuyahoga County, Ohio",41.281664,-81.839376,17,4126.746135100514,0.0,9672.22,0.0,0.0
PV Modules Materials,"Cuyahoga County, Ohio",41.281664,-81.839376,18,4114.839669303011,0.0,9672.07,0.0,0.0
PV Modules Materials,"Cuyahoga County, Ohio",41.281664,-81.839376,19,137665.90394481222,0.0,9705.49,0.0,0.0
PV Modules Materials,"Cuyahoga County, Ohio",41.281664,-81.839376,20,137301.10135757283,0.0,9705.49,0.0,0.0
PV Modules Materials,"Cuyahoga County, Ohio",41.281664,-81.839376,21,4862.18784947002,0.0,9823.25,0.0,0.0
PV Modules Materials,"Cuyahoga County, Ohio",41.281664,-81.839376,22,4850.274930835376,0.0,9823.01,0.0,0.0
PV Modules Materials,"Cuyahoga County, Ohio",41.281664,-81.839376,23,263264.39482366433,0.0,9701.03,0.0,0.0
PV Modules Materials,"Cuyahoga County, Ohio",41.281664,-81.839376,24,262664.5899124913,0.0,9700.7,0.0,0.0
PV Modules Materials,"Cuyahoga County, Ohio",41.281664,-81.839376,25,5493.322619844567,0.0,9869.87,0.0,0.0
PV Modules Materials,"Cuyahoga County, Ohio",41.281664,-81.839376,26,5481.626958638416,0.0,9869.73,0.0,0.0
PV Modules Materials,"Tyler County, Texas",30.684564,-94.4985,1,4583.63618339989,0.0,9918.15,0.0,0.0
PV Modules Materials,"Tyler County, Texas",30.684564,-94.4985,2,4500.842841088755,0.0,9913.6,0.0,0.0
PV Modules Materials,"Tyler County, Texas",30.684564,-94.4985,3,21854.04932258719,0.0,9888.72,0.0,0.0
PV Modules Materials,"Tyler County, Texas",30.684564,-94.4985,4,21643.736379047274,0.0,9885.91,0.0,0.0
PV Modules Materials,"Tyler County, Texas",30.684564,-94.4985,5,3034.9389540801944,0.0,9970.64,0.0,0.0
PV Modules Materials,"Tyler County, Texas",30.684564,-94.4985,6,2998.541001126872,0.0,9968.17,0.0,0.0
PV Modules Materials,"Tyler County, Texas",30.684564,-94.4985,7,4001.02749358975,0.0,9774.45,0.0,0.0
PV Modules Materials,"Tyler County, Texas",30.684564,-94.4985,8,3965.5838682416825,0.0,9774.45,0.0,0.0
PV Modules Materials,"Tyler County, Texas",30.684564,-94.4985,9,363883.6770922898,0.0,9998.94,0.0,0.0
PV Modules Materials,"Tyler County, Texas",30.684564,-94.4985,10,362091.02610084624,0.0,9997.96,0.0,0.0
PV Modules Materials,"Tyler County, Texas",30.684564,-94.4985,11,4742.797533926168,0.0,9986.6,0.0,0.0
PV Modules Materials,"Tyler County, Texas",30.684564,-94.4985,12,4724.144838470199,0.0,9986.6,0.0,0.0
PV Modules Materials,"Tyler County, Texas",30.684564,-94.4985,13,4332.963507479038,0.0,9774.93,0.0,0.0
PV Modules Materials,"Tyler County, Texas",30.684564,-94.4985,14,4317.762599860397,0.0,9774.93,0.0,0.0
PV Modules Materials,"Tyler County, Texas",30.684564,-94.4985,15,3637.3601471466154,0.0,9359.24,0.0,0.0
PV Modules Materials,"Tyler County, Texas",30.684564,-94.4985,16,3625.8430390349063,0.0,9359.24,0.0,0.0
PV Modules Materials,"Tyler County, Texas",30.684564,-94.4985,17,3032.272930782122,0.0,9735.95,0.0,0.0
PV Modules Materials,"Tyler County, Texas",30.684564,-94.4985,18,3023.5242331988197,0.0,9735.79,0.0,0.0
PV Modules Materials,"Tyler County, Texas",30.684564,-94.4985,19,2947.11536322955,0.0,9767.21,0.0,0.0
PV Modules Materials,"Tyler County, Texas",30.684564,-94.4985,20,2939.305765656064,0.0,9767.21,0.0,0.0
PV Modules Materials,"Tyler County, Texas",30.684564,-94.4985,21,214089.77450071432,0.0,9882.03,0.0,0.0
PV Modules Materials,"Tyler County, Texas",30.684564,-94.4985,22,213565.2299658062,0.0,9882.03,0.0,0.0
PV Modules Materials,"Tyler County, Texas",30.684564,-94.4985,23,3508.2548705274457,0.0,9755.8,0.0,0.0
PV Modules Materials,"Tyler County, Texas",30.684564,-94.4985,24,3500.2618849875744,0.0,9755.8,0.0,0.0
PV Modules Materials,"Tyler County, Texas",30.684564,-94.4985,25,1899.7404901028767,0.0,9875.93,0.0,0.0
PV Modules Materials,"Tyler County, Texas",30.684564,-94.4985,26,1895.6958121020648,0.0,9875.93,0.0,0.0
PV Modules Materials,"Eddy County, North Dakota",47.706459,-99.033247,1,102.05457737800913,0.0,9983.42,0.0,0.0
PV Modules Materials,"Eddy County, North Dakota",47.706459,-99.033247,2,100.21118509703442,0.0,9979.57,0.0,0.0
PV Modules Materials,"Eddy County, North Dakota",47.706459,-99.033247,3,165.00654930586066,0.0,9962.8,0.0,0.0
PV Modules Materials,"Eddy County, North Dakota",47.706459,-99.033247,4,163.4186050042976,0.0,9960.08,0.0,0.0
PV Modules Materials,"Eddy County, North Dakota",47.706459,-99.033247,5,300.90786501478294,0.0,10050.77,0.0,0.0
PV Modules Materials,"Eddy County, North Dakota",47.706459,-99.033247,6,297.29908392237627,0.0,10041.81,0.0,0.0
PV Modules Materials,"Eddy County, North Dakota",47.706459,-99.033247,7,57104.26024599892,0.0,9837.14,0.0,0.0
PV Modules Materials,"Eddy County, North Dakota",47.706459,-99.033247,8,56598.39468791903,0.0,9836.34,0.0,0.0
PV Modules Materials,"Eddy County, North Dakota",47.706459,-99.033247,9,275.16246265405925,0.0,10075.17,0.0,0.0
PV Modules Materials,"Eddy County, North Dakota",47.706459,-99.033247,10,273.8068913752745,0.0,10075.09,0.0,0.0
PV Modules Materials,"Eddy County, North Dakota",47.706459,-99.033247,11,249.83639730828537,0.0,10026.2,0.0,0.0
PV Modules Materials,"Eddy County, North Dakota",47.706459,-99.033247,12,248.85382906676267,0.0,10026.2,0.0,0.0
PV Modules Materials,"Eddy County, North Dakota",47.706459,-99.033247,13,225.44007853549974,0.0,9836.5,0.0,0.0
PV Modules Materials,"Eddy County, North Dakota",47.706459,-99.033247,14,224.64918938966642,0.0,9836.5,0.0,0.0
PV Modules Materials,"Eddy County, North Dakota",47.706459,-99.033247,15,314.77787947235174,0.0,9431.53,0.0,0.0
PV Modules Materials,"Eddy County, North Dakota",47.706459,-99.033247,16,313.7811866175347,0.0,9431.53,0.0,0.0
PV Modules Materials,"Eddy County, North Dakota",47.706459,-99.033247,17,378.63156144100475,0.0,9819.7,0.0,0.0
PV Modules Materials,"Eddy County, North Dakota",47.706459,-99.033247,18,377.53913569234805,0.0,9819.55,0.0,0.0
PV Modules Materials,"Eddy County, North Dakota",47.706459,-99.033247,19,383.8901883047506,0.0,9827.86,0.0,0.0
PV Modules Materials,"Eddy County, North Dakota",47.706459,-99.033247,20,382.8729129308458,0.0,9827.86,0.0,0.0
PV Modules Materials,"Eddy County, North Dakota",47.706459,-99.033247,21,520.7747716444046,0.0,9956.44,0.0,0.0
PV Modules Materials,"Eddy County, North Dakota",47.706459,-99.033247,22,519.4988136449103,0.0,9956.44,0.0,0.0
PV Modules Materials,"Eddy County, North Dakota",47.706459,-99.033247,23,659.6520149988339,0.0,9829.65,0.0,0.0
PV Modules Materials,"Eddy County, North Dakota",47.706459,-99.033247,24,658.1491056573468,0.0,9829.65,0.0,0.0
PV Modules Materials,"Eddy County, North Dakota",47.706459,-99.033247,25,724.4951207225095,0.0,9995.22,0.0,0.0
PV Modules Materials,"Eddy County, North Dakota",47.706459,-99.033247,26,722.9526208433165,0.0,9995.22,0.0,0.0
PV Modules Materials,"Pima County, Arizona",32.042762,-111.68571,1,4906.558703096408,0.0,10063.23,0.0,0.0
PV Modules Materials,"Pima County, Arizona",32.042762,-111.68571,2,4817.932473173025,0.0,10058.42,0.0,0.0
PV Modules Materials,"Pima County, Arizona",32.042762,-111.68571,3,65146.75717004996,0.0,10035.62,0.0,0.0
PV Modules Materials,"Pima County, Arizona",32.042762,-111.68571,4,64519.815862273535,0.0,10032.89,0.0,0.0
PV Modules Materials,"Pima County, Arizona",32.042762,-111.68571,5,103519.57830795349,0.0,10103.52,0.0,0.0
PV Modules Materials,"Pima County, Arizona",32.042762,-111.68571,6,102278.07039032801,0.0,10099.42,0.0,0.0
PV Modules Materials,"Pima County, Arizona",32.042762,-111.68571,7,200979.90009350696,0.0,9918.95,0.0,0.0
PV Modules Materials,"Pima County, Arizona",32.042762,-111.68571,8,199199.49336228127,0.0,9918.92,0.0,0.0
PV Modules Materials,"Pima County, Arizona",32.042762,-111.68571,9,852.3286042435371,0.0,10133.23,0.0,0.0
PV Modules Materials,"Pima County, Arizona",32.042762,-111.68571,10,848.1296587738136,0.0,10133.23,0.0,0.0
PV Modules Materials,"Pima County, Arizona",32.042762,-111.68571,11,97553.07549446888,0.0,10102.05,0.0,0.0
PV Modules Materials,"Pima County, Arizona",32.042762,-111.68571,12,97169.41420701667,0.0,10102.05,0.0,0.0
PV Modules Materials,"Pima County, Arizona",32.042762,-111.68571,13,716.6551237926419,0.0,9914.43,0.0,0.0
PV Modules Materials,"Pima County, Arizona",32.042762,-111.68571,14,714.1409534534747,0.0,9914.43,0.0,0.0
PV Modules Materials,"Pima County, Arizona",32.042762,-111.68571,15,659.1155837421546,0.0,9514.77,0.0,0.0
PV Modules Materials,"Pima County, Arizona",32.042762,-111.68571,16,657.0286016647748,0.0,9514.77,0.0,0.0
PV Modules Materials,"Pima County, Arizona",32.042762,-111.68571,17,623.180225550101,0.0,9864.99,0.0,0.0
PV Modules Materials,"Pima County, Arizona",32.042762,-111.68571,18,621.3822293084417,0.0,9864.84,0.0,0.0
PV Modules Materials,"Pima County, Arizona",32.042762,-111.68571,19,579.6233659250223,0.0,9866.65,0.0,0.0
PV Modules Materials,"Pima County, Arizona",32.042762,-111.68571,20,578.0874147747751,0.0,9866.65,0.0,0.0
PV Modules Materials,"Pima County, Arizona",32.042762,-111.68571,21,576.2788495920342,0.0,10028.2,0.0,0.0
PV Modules Materials,"Pima County, Arizona",32.042762,-111.68571,22,574.8669002271399,0.0,10028.2,0.0,0.0
PV Modules Materials,"Pima County, Arizona",32.042762,-111.68571,23,620.4213911122368,0.0,9855.62,0.0,0.0
PV Modules Materials,"Pima County, Arizona",32.042762,-111.68571,24,619.0078623377319,0.0,9855.62,0.0,0.0
PV Modules Materials,"Pima County, Arizona",32.042762,-111.68571,25,630.680785289524,0.0,10019.34,0.0,0.0
PV Modules Materials,"Pima County, Arizona",32.042762,-111.68571,26,629.3380225747823,0.0,10019.34,0.0,0.0
PV Modules Materials,"Texas County, Oklahoma",36.74873,-101.500004,1,38.340285414102205,0.0,9973.61,0.0,0.0
PV Modules Materials,"Texas County, Oklahoma",36.74873,-101.500004,2,37.64775218336882,0.0,9969.13,0.0,0.0
PV Modules Materials,"Texas County, Oklahoma",36.74873,-101.500004,3,69.33360315691486,0.0,9937.0,0.0,0.0
PV Modules Materials,"Texas County, Oklahoma",36.74873,-101.500004,4,68.666369641015,0.0,9934.27,0.0,0.0
PV Modules Materials,"Texas County, Oklahoma",36.74873,-101.500004,5,59.250930121467555,0.0,10018.49,0.0,0.0
PV Modules Materials,"Texas County, Oklahoma",36.74873,-101.500004,6,58.54033508162256,0.0,10014.39,0.0,0.0
PV Modules Materials,"Texas County, Oklahoma",36.74873,-101.500004,7,59.46881024295694,0.0,9819.96,0.0,0.0
PV Modules Materials,"Texas County, Oklahoma",36.74873,-101.500004,8,58.94199800946849,0.0,9819.93,0.0,0.0
PV Modules Materials,"Texas County, Oklahoma",36.74873,-101.500004,9,53.95237802048543,0.0,10047.08,0.0,0.0
PV Modules Materials,"Texas County, Oklahoma",36.74873,-101.500004,10,53.68658488372806,0.0,10047.08,0.0,0.0
PV Modules Materials,"Texas County, Oklahoma",36.74873,-101.500004,11,52.71264238954599,0.0,10006.79,0.0,0.0
PV Modules Materials,"Texas County, Oklahoma",36.74873,-101.500004,12,52.505331649811005,0.0,10006.79,0.0,0.0
PV Modules Materials,"Texas County, Oklahoma",36.74873,-101.500004,13,48.938270870344496,0.0,9815.8,0.0,0.0
PV Modules Materials,"Texas County, Oklahoma",36.74873,-101.500004,14,48.766585571534115,0.0,9815.8,0.0,0.0
PV Modules Materials,"Texas County, Oklahoma",36.74873,-101.500004,15,77.6933626448374,0.0,9426.27,0.0,0.0
PV Modules Materials,"Texas County, Oklahoma",36.74873,-101.500004,16,77.44735927400136,0.0,9426.27,0.0,0.0
PV Modules Materials,"Texas County, Oklahoma",36.74873,-101.500004,17,68.44222568857761,0.0,9766.37,0.0,0.0
PV Modules Materials,"Texas County, Oklahoma",36.74873,-101.500004,18,68.24475654640409,0.0,9766.22,0.0,0.0
PV Modules Materials,"Texas County, Oklahoma",36.74873,-101.500004,19,47.332156056350875,0.0,9785.71,0.0,0.0
PV Modules Materials,"Texas County, Oklahoma",36.74873,-101.500004,20,47.20672998864498,0.0,9785.71,0.0,0.0
PV Modules Materials,"Texas County, Oklahoma",36.74873,-101.500004,21,269246.4361449621,0.0,9937.01,0.0,0.0
PV Modules Materials,"Texas County, Oklahoma",36.74873,-101.500004,22,268586.7514544966,0.0,9937.01,0.0,0.0
PV Modules Materials,"Texas County, Oklahoma",36.74873,-101.500004,23,69.33665075639439,0.0,9769.56,0.0,0.0
PV Modules Materials,"Texas County, Oklahoma",36.74873,-101.500004,24,69.17867852594586,0.0,9769.56,0.0,0.0
PV Modules Materials,"Texas County, Oklahoma",36.74873,-101.500004,25,74.95395172120635,0.0,9948.96,0.0,0.0
PV Modules Materials,"Texas County, Oklahoma",36.74873,-101.500004,26,74.79436960923888,0.0,9948.96,0.0,0.0
PV Modules Materials,"Johnson County, Wyoming",44.32489,-106.711246,1,7.497522707862426,0.0,10026.87,0.0,0.0
PV Modules Materials,"Johnson County, Wyoming",44.32489,-106.711246,2,7.362096391461996,0.0,10022.87,0.0,0.0
PV Modules Materials,"Johnson County, Wyoming",44.32489,-106.711246,3,798.7298329547316,0.0,9992.56,0.0,0.0
PV Modules Materials,"Johnson County, Wyoming",44.32489,-106.711246,4,791.0432381373475,0.0,9989.84,0.0,0.0
PV Modules Materials,"Johnson County, Wyoming",44.32489,-106.711246,5,22.194405737761493,0.0,10082.34,0.0,0.0
PV Modules Materials,"Johnson County, Wyoming",44.32489,-106.711246,6,21.92822874109277,0.0,10074.89,0.0,0.0
PV Modules Materials,"Johnson County, Wyoming",44.32489,-106.711246,7,25.979907572642887,0.0,9870.96,0.0,0.0
PV Modules Materials,"Johnson County, Wyoming",44.32489,-106.711246,8,25.74976116348737,0.0,9870.87,0.0,0.0
PV Modules Materials,"Johnson County, Wyoming",44.32489,-106.711246,9,27.732262038629884,0.0,10105.04,0.0,0.0
PV Modules Materials,"Johnson County, Wyoming",44.32489,-106.711246,10,27.595640722071302,0.0,10105.04,0.0,0.0
PV Modules Materials,"Johnson County, Wyoming",44.32489,-106.711246,11,29.21940022339995,0.0,10061.64,0.0,0.0
PV Modules Materials,"Johnson County, Wyoming",44.32489,-106.711246,12,29.104484802727974,0.0,10061.63,0.0,0.0
PV Modules Materials,"Johnson County, Wyoming",44.32489,-106.711246,13,21051.340397732332,0.0,9871.78,0.0,0.0
PV Modules Materials,"Johnson County, Wyoming",44.32489,-106.711246,14,20977.488060854324,0.0,9871.78,0.0,0.0
PV Modules Materials,"Johnson County, Wyoming",44.32489,-106.711246,15,120099.0339266144,0.0,9475.95,0.0,0.0
PV Modules Materials,"Johnson County, Wyoming",44.32489,-106.711246,16,119718.75990867596,0.0,9475.95,0.0,0.0
PV Modules Materials,"Johnson County, Wyoming",44.32489,-106.711246,17,20.108506110891465,0.0,9839.49,0.0,0.0
PV Modules Materials,"Johnson County, Wyoming",44.32489,-106.711246,18,20.050489156998463,0.0,9839.34,0.0,0.0
PV Modules Materials,"Johnson County, Wyoming",44.32489,-106.711246,19,23.848335387609428,0.0,9855.21,0.0,0.0
PV Modules Materials,"Johnson County, Wyoming",44.32489,-106.711246,20,23.785139387717976,0.0,9855.21,0.0,0.0
PV Modules Materials,"Johnson County, Wyoming",44.32489,-106.711246,21,29.370823155634824,0.0,9987.49,0.0,0.0
PV Modules Materials,"Johnson County, Wyoming",44.32489,-106.711246,22,29.298861265778246,0.0,9987.49,0.0,0.0
PV Modules Materials,"Johnson County, Wyoming",44.32489,-106.711246,23,33.018702985930645,0.0,9842.68,0.0,0.0
PV Modules Materials,"Johnson County, Wyoming",44.32489,-106.711246,24,32.943475265810015,0.0,9842.68,0.0,0.0
PV Modules Materials,"Johnson County, Wyoming",44.32489,-106.711246,25,36.0528119948034,0.0,10025.6,0.0,0.0
PV Modules Materials,"Johnson County, Wyoming",44.32489,-106.711246,26,35.97605308151892,0.0,10025.6,0.0,0.0
PV Modules Materials,"Clinton County, Pennsylvania",41.340589,-78.011417,1,286.72899723278516,0.0,9819.21,0.0,0.0
PV Modules Materials,"Clinton County, Pennsylvania",41.340589,-78.011417,2,281.5498662833444,0.0,9815.36,0.0,0.0
PV Modules Materials,"Clinton County, Pennsylvania",41.340589,-78.011417,3,443.0836455419412,0.0,9824.34,0.0,0.0
PV Modules Materials,"Clinton County, Pennsylvania",41.340589,-78.011417,4,438.8196199440853,0.0,9823.96,0.0,0.0
PV Modules Materials,"Clinton County, Pennsylvania",41.340589,-78.011417,5,743.4708683924898,0.0,9919.95,0.0,0.0
PV Modules Materials,"Clinton County, Pennsylvania",41.340589,-78.011417,6,734.5544393969299,0.0,9910.2,0.0,0.0
PV Modules Materials,"Clinton County, Pennsylvania",41.340589,-78.011417,7,176.29618762661477,0.0,9672.84,0.0,0.0
PV Modules Materials,"Clinton County, Pennsylvania",41.340589,-78.011417,8,174.73444479067038,0.0,9672.05,0.0,0.0
PV Modules Materials,"Clinton County, Pennsylvania",41.340589,-78.011417,9,172.52336584284814,0.0,9998.07,0.0,0.0
PV Modules Materials,"Clinton County, Pennsylvania",41.340589,-78.011417,10,171.6734398849247,0.0,9996.51,0.0,0.0
PV Modules Materials,"Clinton County, Pennsylvania",41.340589,-78.011417,11,150.9400382344768,0.0,9915.12,0.0,0.0
PV Modules Materials,"Clinton County, Pennsylvania",41.340589,-78.011417,12,150.34641420874922,0.0,9915.12,0.0,0.0
PV Modules Materials,"Clinton County, Pennsylvania",41.340589,-78.011417,13,128.22733964693288,0.0,9720.13,0.0,0.0
PV Modules Materials,"Clinton County, Pennsylvania",41.340589,-78.011417,14,127.77749234478215,0.0,9720.13,0.0,0.0
PV Modules Materials,"Clinton County, Pennsylvania",41.340589,-78.011417,15,149.85411141508524,0.0,9266.36,0.0,0.0
PV Modules Materials,"Clinton County, Pennsylvania",41.340589,-78.011417,16,149.37962279357623,0.0,9266.36,0.0,0.0
PV Modules Materials,"Clinton County, Pennsylvania",41.340589,-78.011417,17,134.5279916675366,0.0,9653.11,0.0,0.0
PV Modules Materials,"Clinton County, Pennsylvania",41.340589,-78.011417,18,134.1398522280948,0.0,9652.96,0.0,0.0
PV Modules Materials,"Clinton County, Pennsylvania",41.340589,-78.011417,19,110.67598198792939,0.0,9687.68,0.0,0.0
PV Modules Materials,"Clinton County, Pennsylvania",41.340589,-78.011417,20,110.38270032981711,0.0,9687.68,0.0,0.0
PV Modules Materials,"Clinton County, Pennsylvania",41.340589,-78.011417,21,289.17544211395125,0.0,9824.36,0.0,0.0
PV Modules Materials,"Clinton County, Pennsylvania",41.340589,-78.011417,22,288.4669290700926,0.0,9824.12,0.0,0.0
PV Modules Materials,"Clinton County, Pennsylvania",41.340589,-78.011417,23,220.3308149445349,0.0,9684.85,0.0,0.0
PV Modules Materials,"Clinton County, Pennsylvania",41.340589,-78.011417,24,219.82882718057996,0.0,9684.52,0.0,0.0
PV Modules Materials,"Clinton County, Pennsylvania",41.340589,-78.011417,25,71014.32402007701,0.0,9887.16,0.0,0.0
PV Modules Materials,"Clinton County, Pennsylvania",41.340589,-78.011417,26,70863.12964610703,0.0,9887.02,0.0,0.0
PV Modules Materials,"Chaves County, New Mexico",33.481349,-103.915559,1,461.78896277248776,0.0,9994.24,0.0,0.0
PV Modules Materials,"Chaves County, New Mexico",33.481349,-103.915559,2,453.44775720107,0.0,9989.43,0.0,0.0
PV Modules Materials,"Chaves County, New Mexico",33.481349,-103.915559,3,713.333244950501,0.0,9964.69,0.0,0.0
PV Modules Materials,"Chaves County, New Mexico",33.481349,-103.915559,4,706.4684661511158,0.0,9961.97,0.0,0.0
PV Modules Materials,"Chaves County, New Mexico",33.481349,-103.915559,5,402.06595430399494,0.0,10032.55,0.0,0.0
PV Modules Materials,"Chaves County, New Mexico",33.481349,-103.915559,6,397.2439865773576,0.0,10028.45,0.0,0.0
PV Modules Materials,"Chaves County, New Mexico",33.481349,-103.915559,7,343.35688887027493,0.0,9848.08,0.0,0.0
PV Modules Materials,"Chaves County, New Mexico",33.481349,-103.915559,8,340.3152169624227,0.0,9848.08,0.0,0.0
PV Modules Materials,"Chaves County, New Mexico",33.481349,-103.915559,9,304.4339009394466,0.0,10061.53,0.0,0.0
PV Modules Materials,"Chaves County, New Mexico",33.481349,-103.915559,10,302.93412568514265,0.0,10061.53,0.0,0.0
PV Modules Materials,"Chaves County, New Mexico",33.481349,-103.915559,11,291.0967235833235,0.0,10030.35,0.0,0.0
PV Modules Materials,"Chaves County, New Mexico",33.481349,-103.915559,12,289.9518848052838,0.0,10030.35,0.0,0.0
PV Modules Materials,"Chaves County, New Mexico",33.481349,-103.915559,13,300.4540069157138,0.0,9844.19,0.0,0.0
PV Modules Materials,"Chaves County, New Mexico",33.481349,-103.915559,14,299.3999538190531,0.0,9844.19,0.0,0.0
PV Modules Materials,"Chaves County, New Mexico",33.481349,-103.915559,15,292.06793548708197,0.0,9445.62,0.0,0.0
PV Modules Materials,"Chaves County, New Mexico",33.481349,-103.915559,16,291.1431499687695,0.0,9445.62,0.0,0.0
PV Modules Materials,"Chaves County, New Mexico",33.481349,-103.915559,17,276.70132962608096,0.0,9794.76,0.0,0.0
PV Modules Materials,"Chaves County, New Mexico",33.481349,-103.915559,18,275.902992435117,0.0,9794.61,0.0,0.0
PV Modules Materials,"Chaves County, New Mexico",33.481349,-103.915559,19,254.49485191848768,0.0,9814.1,0.0,0.0
PV Modules Materials,"Chaves County, New Mexico",33.481349,-103.915559,20,253.82046285221472,0.0,9814.1,0.0,0.0
PV Modules Materials,"Chaves County, New Mexico",33.481349,-103.915559,21,285.67889791101913,0.0,9956.5,0.0,0.0
PV Modules Materials,"Chaves County, New Mexico",33.481349,-103.915559,22,284.9789518020222,0.0,9956.5,0.0,0.0
PV Modules Materials,"Chaves County, New Mexico",33.481349,-103.915559,23,345.6007254146915,0.0,9797.95,0.0,0.0
PV Modules Materials,"Chaves County, New Mexico",33.481349,-103.915559,24,344.8133306264692,0.0,9797.95,0.0,0.0
PV Modules Materials,"Chaves County, New Mexico",33.481349,-103.915559,25,338.46042493424113,0.0,9956.5,0.0,0.0
PV Modules Materials,"Chaves County, New Mexico",33.481349,-103.915559,26,337.73981943995966,0.0,9956.5,0.0,0.0
PV Modules Materials,"Beltrami County, Minnesota",48.02902,-95.479574,1,224.60245248770667,0.0,9962.77,0.0,0.0
PV Modules Materials,"Beltrami County, Minnesota",48.02902,-95.479574,2,220.54550141465216,0.0,9958.91,0.0,0.0
PV Modules Materials,"Beltrami County, Minnesota",48.02902,-95.479574,3,341.89716762385257,0.0,9949.1,0.0,0.0
PV Modules Materials,"Beltrami County, Minnesota",48.02902,-95.479574,4,338.60691241075506,0.0,9946.37,0.0,0.0
PV Modules Materials,"Beltrami County, Minnesota",48.02902,-95.479574,5,556.6654665484086,0.0,10035.09,0.0,0.0
PV Modules Materials,"Beltrami County, Minnesota",48.02902,-95.479574,6,549.9893904332932,0.0,10026.13,0.0,0.0
PV Modules Materials,"Beltrami County, Minnesota",48.02902,-95.479574,7,47298.72694628791,0.0,9817.07,0.0,0.0
PV Modules Materials,"Beltrami County, Minnesota",48.02902,-95.479574,8,46879.72498741342,0.0,9816.27,0.0,0.0
PV Modules Materials,"Beltrami County, Minnesota",48.02902,-95.479574,9,155.4303648026379,0.0,10061.98,0.0,0.0
PV Modules Materials,"Beltrami County, Minnesota",48.02902,-95.479574,10,154.66464648355753,0.0,10061.9,0.0,0.0
PV Modules Materials,"Beltrami County, Minnesota",48.02902,-95.479574,11,167.69031471820108,0.0,10009.68,0.0,0.0
PV Modules Materials,"Beltrami County, Minnesota",48.02902,-95.479574,12,167.03081442349534,0.0,10009.68,0.0,0.0
PV Modules Materials,"Beltrami County, Minnesota",48.02902,-95.479574,13,180.53796034103055,0.0,9820.82,0.0,0.0
PV Modules Materials,"Beltrami County, Minnesota",48.02902,-95.479574,14,179.90459685849376,0.0,9820.82,0.0,0.0
PV Modules Materials,"Beltrami County, Minnesota",48.02902,-95.479574,15,282.32003263593504,0.0,9411.15,0.0,0.0
PV Modules Materials,"Beltrami County, Minnesota",48.02902,-95.479574,16,281.4261122633484,0.0,9411.15,0.0,0.0
PV Modules Materials,"Beltrami County, Minnesota",48.02902,-95.479574,17,294.53194580524917,0.0,9798.03,0.0,0.0
PV Modules Materials,"Beltrami County, Minnesota",48.02902,-95.479574,18,293.6821638161961,0.0,9797.88,0.0,0.0
PV Modules Materials,"Beltrami County, Minnesota",48.02902,-95.479574,19,242.1801654702452,0.0,9814.67,0.0,0.0
PV Modules Materials,"Beltrami County, Minnesota",48.02902,-95.479574,20,241.5384092444114,0.0,9814.67,0.0,0.0
PV Modules Materials,"Beltrami County, Minnesota",48.02902,-95.479574,21,277.70164433546194,0.0,9942.1,0.0,0.0
PV Modules Materials,"Beltrami County, Minnesota",48.02902,-95.479574,22,277.0212434138818,0.0,9941.85,0.0,0.0
PV Modules Materials,"Beltrami County, Minnesota",48.02902,-95.479574,23,306.4216477976521,0.0,9816.85,0.0,0.0
PV Modules Materials,"Beltrami County, Minnesota",48.02902,-95.479574,24,305.7235161366584,0.0,9816.85,0.0,0.0
PV Modules Materials,"Beltrami County, Minnesota",48.02902,-95.479574,25,305.6407796393519,0.0,9979.37,0.0,0.0
PV Modules Materials,"Beltrami County, Minnesota",48.02902,-95.479574,26,304.99004942435744,0.0,9979.37,0.0,0.0
PV Modules Materials,"Kent County, Delaware",39.042842,-75.53283,1,1665.7156592536471,0.0,9796.53,0.0,0.0
PV Modules Materials,"Kent County, Delaware",39.042842,-75.53283,2,1635.6281563953132,0.0,9792.68,0.0,0.0
PV Modules Materials,"Kent County, Delaware",39.042842,-75.53283,3,2970.2536007979797,0.0,9801.05,0.0,0.0
PV Modules Materials,"Kent County, Delaware",39.042842,-75.53283,4,2941.669297329872,0.0,9800.67,0.0,0.0
PV Modules Materials,"Kent County, Delaware",39.042842,-75.53283,5,1805.780935546779,0.0,9903.95,0.0,0.0
PV Modules Materials,"Kent County, Delaware",39.042842,-75.53283,6,1784.12424639075,0.0,9894.19,0.0,0.0
PV Modules Materials,"Kent County, Delaware",39.042842,-75.53283,7,1352.0242726805818,0.0,9653.09,0.0,0.0
PV Modules Materials,"Kent County, Delaware",39.042842,-75.53283,8,1340.0471888292059,0.0,9651.31,0.0,0.0
PV Modules Materials,"Kent County, Delaware",39.042842,-75.53283,9,255290.44470619273,0.0,9984.81,0.0,0.0
PV Modules Materials,"Kent County, Delaware",39.042842,-75.53283,10,254032.77172546,0.0,9983.25,0.0,0.0
PV Modules Materials,"Kent County, Delaware",39.042842,-75.53283,11,915.8348546215997,0.0,9900.47,0.0,0.0
PV Modules Materials,"Kent County, Delaware",39.042842,-75.53283,12,912.2330165694748,0.0,9900.47,0.0,0.0
PV Modules Materials,"Kent County, Delaware",39.042842,-75.53283,13,871.9140718314407,0.0,9702.03,0.0,0.0
PV Modules Materials,"Kent County, Delaware",39.042842,-75.53283,14,868.8552218701096,0.0,9702.03,0.0,0.0
PV Modules Materials,"Kent County, Delaware",39.042842,-75.53283,15,730.5913560232723,0.0,9251.5,0.0,0.0
PV Modules Materials,"Kent County, Delaware",39.042842,-75.53283,16,728.2780575616392,0.0,9251.5,0.0,0.0
PV Modules Materials,"Kent County, Delaware",39.042842,-75.53283,17,694.7905874441353,0.0,9638.25,0.0,0.0
PV Modules Materials,"Kent County, Delaware",39.042842,-75.53283,18,692.7859813707281,0.0,9638.09,0.0,0.0
PV Modules Materials,"Kent County, Delaware",39.042842,-75.53283,19,1343.941034952223,0.0,9664.38,0.0,0.0
PV Modules Materials,"Kent County, Delaware",39.042842,-75.53283,20,1340.3797089259592,0.0,9664.38,0.0,0.0
PV Modules Materials,"Kent County, Delaware",39.042842,-75.53283,21,5772.2665454353055,0.0,9811.17,0.0,0.0
PV Modules Materials,"Kent County, Delaware",39.042842,-75.53283,22,5758.123829476535,0.0,9810.92,0.0,0.0
PV Modules Materials,"Kent County, Delaware",39.042842,-75.53283,23,782.7568120278629,0.0,9661.42,0.0,0.0
PV Modules Materials,"Kent County, Delaware",39.042842,-75.53283,24,780.9734285193454,0.0,9661.09,0.0,0.0
PV Modules Materials,"Kent County, Delaware",39.042842,-75.53283,25,392.0392450072529,0.0,9874.21,0.0,0.0
PV Modules Materials,"Kent County, Delaware",39.042842,-75.53283,26,391.2045665245881,0.0,9874.09,0.0,0.0
PV Modules Materials,"Walker County, Alabama",33.642519,-87.334208,1,785.2411314101389,0.0,9848.36,0.0,0.0
PV Modules Materials,"Walker County, Alabama",33.642519,-87.334208,2,771.0574712791116,0.0,9843.81,0.0,0.0
PV Modules Materials,"Walker County, Alabama",33.642519,-87.334208,3,1613.8986176571993,0.0,9823.91,0.0,0.0
PV Modules Materials,"Walker County, Alabama",33.642519,-87.334208,4,1598.3672273942661,0.0,9821.86,0.0,0.0
PV Modules Materials,"Walker County, Alabama",33.642519,-87.334208,5,2971.8529348882694,0.0,9916.46,0.0,0.0
PV Modules Materials,"Walker County, Alabama",33.642519,-87.334208,6,2936.211571109656,0.0,9907.65,0.0,0.0
PV Modules Materials,"Walker County, Alabama",33.642519,-87.334208,7,2730.3299076211374,0.0,9718.68,0.0,0.0
PV Modules Materials,"Walker County, Alabama",33.642519,-87.334208,8,2706.1429230334556,0.0,9718.68,0.0,0.0
PV Modules Materials,"Walker County, Alabama",33.642519,-87.334208,9,1859.4124126102417,0.0,9929.05,0.0,0.0
PV Modules Materials,"Walker County, Alabama",33.642519,-87.334208,10,1850.252129490087,0.0,9928.07,0.0,0.0
PV Modules Materials,"Walker County, Alabama",33.642519,-87.334208,11,1306.5771949324762,0.0,9915.1,0.0,0.0
PV Modules Materials,"Walker County, Alabama",33.642519,-87.334208,12,1301.4386271710537,0.0,9915.1,0.0,0.0
PV Modules Materials,"Walker County, Alabama",33.642519,-87.334208,13,6369.145694474993,0.0,9728.98,0.0,0.0
PV Modules Materials,"Walker County, Alabama",33.642519,-87.334208,14,6346.801450138693,0.0,9728.98,0.0,0.0
PV Modules Materials,"Walker County, Alabama",33.642519,-87.334208,15,1278.5809515911462,0.0,9319.31,0.0,0.0
PV Modules Materials,"Walker County, Alabama",33.642519,-87.334208,16,1274.532533383068,0.0,9319.31,0.0,0.0
PV Modules Materials,"Walker County, Alabama",33.642519,-87.334208,17,2000.90058971486,0.0,9714.93,0.0,0.0
PV Modules Materials,"Walker County, Alabama",33.642519,-87.334208,18,1995.127602073819,0.0,9714.93,0.0,0.0
PV Modules Materials,"Walker County, Alabama",33.642519,-87.334208,19,3299.268542563169,0.0,9714.93,0.0,0.0
PV Modules Materials,"Walker County, Alabama",33.642519,-87.334208,20,3290.5257699096946,0.0,9714.93,0.0,0.0
PV Modules Materials,"Walker County, Alabama",33.642519,-87.334208,21,4219.293747307258,0.0,9824.87,0.0,0.0
PV Modules Materials,"Walker County, Alabama",33.642519,-87.334208,22,4208.95599305681,0.0,9824.87,0.0,0.0
PV Modules Materials,"Walker County, Alabama",33.642519,-87.334208,23,5959.576666448523,0.0,9718.53,0.0,0.0
PV Modules Materials,"Walker County, Alabama",33.642519,-87.334208,24,5945.998744696357,0.0,9718.53,0.0,0.0
PV Modules Materials,"Walker County, Alabama",33.642519,-87.334208,25,2282.8755989864158,0.0,9831.72,0.0,0.0
PV Modules Materials,"Walker County, Alabama",33.642519,-87.334208,26,2278.0152000203907,0.0,9831.72,0.0,0.0
PV Modules Materials,"Missoula County, Montana",46.821386,-113.606508,1,152.33213967005165,0.0,10080.93,0.0,0.0
PV Modules Materials,"Missoula County, Montana",46.821386,-113.606508,2,149.58059341287566,0.0,10076.92,0.0,0.0
PV Modules Materials,"Missoula County, Montana",46.821386,-113.606508,3,303.15946434714147,0.0,10049.37,0.0,0.0
PV Modules Materials,"Missoula County, Montana",46.821386,-113.606508,4,300.24200230760385,0.0,10046.64,0.0,0.0
PV Modules Materials,"Missoula County, Montana",46.821386,-113.606508,5,524.2621565721475,0.0,10139.56,0.0,0.0
PV Modules Materials,"Missoula County, Montana",46.821386,-113.606508,6,517.9746926070268,0.0,10131.9,0.0,0.0
PV Modules Materials,"Missoula County, Montana",46.821386,-113.606508,7,602.9093746624668,0.0,9927.5,0.0,0.0
PV Modules Materials,"Missoula County, Montana",46.821386,-113.606508,8,597.5684231122435,0.0,9927.4,0.0,0.0
PV Modules Materials,"Missoula County, Montana",46.821386,-113.606508,9,663.0632733881945,0.0,10161.84,0.0,0.0
PV Modules Materials,"Missoula County, Montana",46.821386,-113.606508,10,659.796732157416,0.0,10161.84,0.0,0.0
PV Modules Materials,"Missoula County, Montana",46.821386,-113.606508,11,661.824265690954,0.0,10117.48,0.0,0.0
PV Modules Materials,"Missoula County, Montana",46.821386,-113.606508,12,659.221412335946,0.0,10117.47,0.0,0.0
PV Modules Materials,"Missoula County, Montana",46.821386,-113.606508,13,400.8000494896122,0.0,9927.62,0.0,0.0
PV Modules Materials,"Missoula County, Montana",46.821386,-113.606508,14,399.3939622896344,0.0,9927.62,0.0,0.0
PV Modules Materials,"Missoula County, Montana",46.821386,-113.606508,15,518.0609684857441,0.0,9529.4,0.0,0.0
PV Modules Materials,"Missoula County, Montana",46.821386,-113.606508,16,516.4206128593738,0.0,9529.4,0.0,0.0
PV Modules Materials,"Missoula County, Montana",46.821386,-113.606508,17,459.1179465356752,0.0,9896.83,0.0,0.0
PV Modules Materials,"Missoula County, Montana",46.821386,-113.606508,18,457.793301900777,0.0,9896.68,0.0,0.0
PV Modules Materials,"Missoula County, Montana",46.821386,-113.606508,19,418.72540055342506,0.0,9912.43,0.0,0.0
PV Modules Materials,"Missoula County, Montana",46.821386,-113.606508,20,417.61581491829224,0.0,9912.43,0.0,0.0
PV Modules Materials,"Missoula County, Montana",46.821386,-113.606508,21,280.26576155617676,0.0,10044.03,0.0,0.0
PV Modules Materials,"Missoula County, Montana",46.821386,-113.606508,22,279.5790782529269,0.0,10044.03,0.0,0.0
PV Modules Materials,"Missoula County, Montana",46.821386,-113.606508,23,377.4080060061639,0.0,9900.02,0.0,0.0
PV Modules Materials,"Missoula County, Montana",46.821386,-113.606508,24,376.5481435258232,0.0,9900.02,0.0,0.0
PV Modules Materials,"Missoula County, Montana",46.821386,-113.606508,25,63759.01666365305,0.0,10082.66,0.0,0.0
PV Modules Materials,"Missoula County, Montana",46.821386,-113.606508,26,63623.26933742799,0.0,10082.66,0.0,0.0
PV Modules Materials,"Allegany County, Maryland",39.551261,-79.019464,1,487.98620972211444,0.0,9807.59,0.0,0.0
PV Modules Materials,"Allegany County, Maryland",39.551261,-79.019464,2,479.17180829755193,0.0,9803.73,0.0,0.0
PV Modules Materials,"Allegany County, Maryland",39.551261,-79.019464,3,934.0180622476266,0.0,9812.71,0.0,0.0
PV Modules Materials,"Allegany County, Maryland",39.551261,-79.019464,4,925.0295180610935,0.0,9812.71,0.0,0.0
PV Modules Materials,"Allegany County, Maryland",39.551261,-79.019464,5,485.9930045138613,0.0,9899.1,0.0,0.0
PV Modules Materials,"Allegany County, Maryland",39.551261,-79.019464,6,480.16450160768005,0.0,9889.35,0.0,0.0
PV Modules Materials,"Allegany County, Maryland",39.551261,-79.019464,7,381.1483337109927,0.0,9662.72,0.0,0.0
PV Modules Materials,"Allegany County, Maryland",39.551261,-79.019464,8,377.7718813462597,0.0,9661.93,0.0,0.0
PV Modules Materials,"Allegany County, Maryland",39.551261,-79.019464,9,302.1656818542852,0.0,9978.12,0.0,0.0
PV Modules Materials,"Allegany County, Maryland",39.551261,-79.019464,10,300.67708084452084,0.0,9976.56,0.0,0.0
PV Modules Materials,"Allegany County, Maryland",39.551261,-79.019464,11,241.64854404641923,0.0,9895.23,0.0,0.0
PV Modules Materials,"Allegany County, Maryland",39.551261,-79.019464,12,240.69817737627696,0.0,9895.23,0.0,0.0
PV Modules Materials,"Allegany County, Maryland",39.551261,-79.019464,13,188.84919499535783,0.0,9700.24,0.0,0.0
PV Modules Materials,"Allegany County, Maryland",39.551261,-79.019464,14,188.18667402973605,0.0,9700.24,0.0,0.0
PV Modules Materials,"Allegany County, Maryland",39.551261,-79.019464,15,152.35690120837688,0.0,9256.24,0.0,0.0
PV Modules Materials,"Allegany County, Maryland",39.551261,-79.019464,16,151.87448791087638,0.0,9256.24,0.0,0.0
PV Modules Materials,"Allegany County, Maryland",39.551261,-79.019464,17,141.7544527497065,0.0,9642.99,0.0,0.0
PV Modules Materials,"Allegany County, Maryland",39.551261,-79.019464,18,141.3454635635405,0.0,9642.84,0.0,0.0
PV Modules Materials,"Allegany County, Maryland",39.551261,-79.019464,19,108167.67041595107,0.0,9676.53,0.0,0.0
PV Modules Materials,"Allegany County, Maryland",39.551261,-79.019464,20,107881.03556380048,0.0,9676.53,0.0,0.0
PV Modules Materials,"Allegany County, Maryland",39.551261,-79.019464,21,2960.3167451868503,0.0,9803.51,0.0,0.0
PV Modules Materials,"Allegany County, Maryland",39.551261,-79.019464,22,2953.0636291802302,0.0,9803.27,0.0,0.0
PV Modules Materials,"Allegany County, Maryland",39.551261,-79.019464,23,71198.04646834635,0.0,9673.66,0.0,0.0
PV Modules Materials,"Allegany County, Maryland",39.551261,-79.019464,24,71035.8333518851,0.0,9673.33,0.0,0.0
PV Modules Materials,"Allegany County, Maryland",39.551261,-79.019464,25,205029.1552315991,0.0,9868.04,0.0,0.0
PV Modules Materials,"Allegany County, Maryland",39.551261,-79.019464,26,204592.63407620412,0.0,9867.91,0.0,0.0
PV Modules Materials,"Hamilton County, Indiana",39.942403,-86.10104,1,303.28235839237044,0.0,9857.76,0.0,0.0
PV Modules Materials,"Hamilton County, Indiana",39.942403,-86.10104,2,297.8042272513681,0.0,9853.76,0.0,0.0
PV Modules Materials,"Hamilton County, Indiana",39.942403,-86.10104,3,764.6121008583705,0.0,9841.88,0.0,0.0
PV Modules Materials,"Hamilton County, Indiana",39.942403,-86.10104,4,757.2538388162163,0.0,9841.88,0.0,0.0
PV Modules Materials,"Hamilton County, Indiana",39.942403,-86.10104,5,5681.929140817914,0.0,9922.61,0.0,0.0
PV Modules Materials,"Hamilton County, Indiana",39.942403,-86.10104,6,5613.785895539928,0.0,9913.65,0.0,0.0
PV Modules Materials,"Hamilton County, Indiana",39.942403,-86.10104,7,1989.189872774496,0.0,9709.49,0.0,0.0
PV Modules Materials,"Hamilton County, Indiana",39.942403,-86.10104,8,1971.5683741195257,0.0,9707.71,0.0,0.0
PV Modules Materials,"Hamilton County, Indiana",39.942403,-86.10104,9,1936.8035891738282,0.0,9959.61,0.0,0.0
PV Modules Materials,"Hamilton County, Indiana",39.942403,-86.10104,10,1927.2620430893533,0.0,9959.53,0.0,0.0
PV Modules Materials,"Hamilton County, Indiana",39.942403,-86.10104,11,1859.3907118928696,0.0,9897.15,0.0,0.0
PV Modules Materials,"Hamilton County, Indiana",39.942403,-86.10104,12,1852.0780133358471,0.0,9897.15,0.0,0.0
PV Modules Materials,"Hamilton County, Indiana",39.942403,-86.10104,13,1990.3251959956917,0.0,9709.83,0.0,0.0
PV Modules Materials,"Hamilton County, Indiana",39.942403,-86.10104,14,1983.3427348272194,0.0,9709.83,0.0,0.0
PV Modules Materials,"Hamilton County, Indiana",39.942403,-86.10104,15,1968.2048247836642,0.0,9306.84,0.0,0.0
PV Modules Materials,"Hamilton County, Indiana",39.942403,-86.10104,16,1961.972824971712,0.0,9306.84,0.0,0.0
PV Modules Materials,"Hamilton County, Indiana",39.942403,-86.10104,17,2195.282738650175,0.0,9698.42,0.0,0.0
PV Modules Materials,"Hamilton County, Indiana",39.942403,-86.10104,18,2188.948920676428,0.0,9698.27,0.0,0.0
PV Modules Materials,"Hamilton County, Indiana",39.942403,-86.10104,19,2214.9252323420296,0.0,9708.53,0.0,0.0
PV Modules Materials,"Hamilton County, Indiana",39.942403,-86.10104,20,2209.055874482555,0.0,9708.53,0.0,0.0
PV Modules Materials,"Hamilton County, Indiana",39.942403,-86.10104,21,269931.77435920126,0.0,9831.11,0.0,0.0
PV Modules Materials,"Hamilton County, Indiana",39.942403,-86.10104,22,269270.41051140236,0.0,9830.87,0.0,0.0
PV Modules Materials,"Hamilton County, Indiana",39.942403,-86.10104,23,2984.3119552762805,0.0,9711.03,0.0,0.0
PV Modules Materials,"Hamilton County, Indiana",39.942403,-86.10104,24,2977.5126880664257,0.0,9711.03,0.0,0.0
PV Modules Materials,"Hamilton County, Indiana",39.942403,-86.10104,25,1399.491437032416,0.0,9867.04,0.0,0.0
PV Modules Materials,"Hamilton County, Indiana",39.942403,-86.10104,26,1396.5118236288063,0.0,9867.04,0.0,0.0
PV Modules Materials,"Custer County, Idaho",44.430049,-115.217729,1,868.0668001580012,0.0,10090.6,0.0,0.0
PV Modules Materials,"Custer County, Idaho",44.430049,-115.217729,2,852.387075838977,0.0,10086.46,0.0,0.0
PV Modules Materials,"Custer County, Idaho",44.430049,-115.217729,3,1250.347166666411,0.0,10055.46,0.0,0.0
PV Modules Materials,"Custer County, Idaho",44.430049,-115.217729,4,1238.314422107872,0.0,10052.74,0.0,0.0
PV Modules Materials,"Custer County, Idaho",44.430049,-115.217729,5,2009.088790258938,0.0,10144.22,0.0,0.0
PV Modules Materials,"Custer County, Idaho",44.430049,-115.217729,6,1984.9938346854228,0.0,10137.14,0.0,0.0
PV Modules Materials,"Custer County, Idaho",44.430049,-115.217729,7,62460.60549242425,0.0,9934.13,0.0,0.0
PV Modules Materials,"Custer County, Idaho",44.430049,-115.217729,8,61907.29004942022,0.0,9934.04,0.0,0.0
PV Modules Materials,"Custer County, Idaho",44.430049,-115.217729,9,998.4698511856634,0.0,10167.94,0.0,0.0
PV Modules Materials,"Custer County, Idaho",44.430049,-115.217729,10,993.5509496758258,0.0,10167.94,0.0,0.0
PV Modules Materials,"Custer County, Idaho",44.430049,-115.217729,11,805.1116094732911,0.0,10125.15,0.0,0.0
PV Modules Materials,"Custer County, Idaho",44.430049,-115.217729,12,801.9452289663965,0.0,10125.15,0.0,0.0
PV Modules Materials,"Custer County, Idaho",44.430049,-115.217729,13,2400.1788497866473,0.0,9934.9,0.0,0.0
PV Modules Materials,"Custer County, Idaho",44.430049,-115.217729,14,2391.758539553053,0.0,9934.9,0.0,0.0
PV Modules Materials,"Custer County, Idaho",44.430049,-115.217729,15,595.7279591300271,0.0,9539.68,0.0,0.0
PV Modules Materials,"Custer County, Idaho",44.430049,-115.217729,16,593.8416836354625,0.0,9539.68,0.0,0.0
PV Modules Materials,"Custer County, Idaho",44.430049,-115.217729,17,567.9342087968735,0.0,9896.25,0.0,0.0
PV Modules Materials,"Custer County, Idaho",44.430049,-115.217729,18,566.2956080662017,0.0,9896.1,0.0,0.0
PV Modules Materials,"Custer County, Idaho",44.430049,-115.217729,19,533.2545620145926,0.0,9915.59,0.0,0.0
PV Modules Materials,"Custer County, Idaho",44.430049,-115.217729,20,531.8414841332449,0.0,9915.59,0.0,0.0
PV Modules Materials,"Custer County, Idaho",44.430049,-115.217729,21,238.7737295140134,0.0,10050.67,0.0,0.0
PV Modules Materials,"Custer County, Idaho",44.430049,-115.217729,22,238.188706454466,0.0,10050.67,0.0,0.0
PV Modules Materials,"Custer County, Idaho",44.430049,-115.217729,23,4636.483565494248,0.0,9899.44,0.0,0.0
PV Modules Materials,"Custer County, Idaho",44.430049,-115.217729,24,4625.9200952041665,0.0,9899.44,0.0,0.0
PV Modules Materials,"Custer County, Idaho",44.430049,-115.217729,25,737434.9656282914,0.0,10086.2,0.0,0.0
PV Modules Materials,"Custer County, Idaho",44.430049,-115.217729,26,735864.9159304271,0.0,10086.2,0.0,0.0
PV Modules Materials,"Lewis County, Washington",46.608691,-121.494595,1,414.39283890666275,0.0,10136.89,0.0,0.0
PV Modules Materials,"Lewis County, Washington",46.608691,-121.494595,2,406.9077404411397,0.0,10132.88,0.0,0.0
PV Modules Materials,"Lewis County, Washington",46.608691,-121.494595,3,854.8000485679715,0.0,10104.52,0.0,0.0
PV Modules Materials,"Lewis County, Washington",46.608691,-121.494595,4,846.5738607480973,0.0,10101.8,0.0,0.0
PV Modules Materials,"Lewis County, Washington",46.608691,-121.494595,5,2041.7176880696725,0.0,10194.02,0.0,0.0
PV Modules Materials,"Lewis County, Washington",46.608691,-121.494595,6,2017.2314148764617,0.0,10186.76,0.0,0.0
PV Modules Materials,"Lewis County, Washington",46.608691,-121.494595,7,2075.853661257824,0.0,9982.88,0.0,0.0
PV Modules Materials,"Lewis County, Washington",46.608691,-121.494595,8,2057.4644400977804,0.0,9982.78,0.0,0.0
PV Modules Materials,"Lewis County, Washington",46.608691,-121.494595,9,19434.212185771154,0.0,10216.99,0.0,0.0
PV Modules Materials,"Lewis County, Washington",46.608691,-121.494595,10,19338.470711404563,0.0,10216.99,0.0,0.0
PV Modules Materials,"Lewis County, Washington",46.608691,-121.494595,11,2245.5088982022044,0.0,10173.27,0.0,0.0
PV Modules Materials,"Lewis County, Washington",46.608691,-121.494595,12,2236.677656024519,0.0,10173.26,0.0,0.0
PV Modules Materials,"Lewis County, Washington",46.608691,-121.494595,13,836.1728769724674,0.0,9983.41,0.0,0.0
PV Modules Materials,"Lewis County, Washington",46.608691,-121.494595,14,833.2394143125277,0.0,9983.41,0.0,0.0
PV Modules Materials,"Lewis County, Washington",46.608691,-121.494595,15,813.5801584190303,0.0,9585.42,0.0,0.0
PV Modules Materials,"Lewis County, Washington",46.608691,-121.494595,16,811.0040894396079,0.0,9585.42,0.0,0.0
PV Modules Materials,"Lewis County, Washington",46.608691,-121.494595,17,798.7369059352588,0.0,9947.92,0.0,0.0
PV Modules Materials,"Lewis County, Washington",46.608691,-121.494595,18,796.4323945017027,0.0,9947.76,0.0,0.0
PV Modules Materials,"Lewis County, Washington",46.608691,-121.494595,19,752.6017523142887,0.0,9967.08,0.0,0.0
PV Modules Materials,"Lewis County, Washington",46.608691,-121.494595,20,750.6074235913593,0.0,9967.08,0.0,0.0
PV Modules Materials,"Lewis County, Washington",46.608691,-121.494595,21,314.14322015855737,0.0,10099.41,0.0,0.0
PV Modules Materials,"Lewis County, Washington",46.608691,-121.494595,22,313.3735331910367,0.0,10099.41,0.0,0.0
PV Modules Materials,"Lewis County, Washington",46.608691,-121.494595,23,836.9631299450219,0.0,9951.11,0.0,0.0
PV Modules Materials,"Lewis County, Washington",46.608691,-121.494595,24,835.0562461974193,0.0,9951.11,0.0,0.0
PV Modules Materials,"Lewis County, Washington",46.608691,-121.494595,25,962.9057124615249,0.0,10131.31,0.0,0.0
PV Modules Materials,"Lewis County, Washington",46.608691,-121.494595,26,960.8556200555679,0.0,10131.31,0.0,0.0
PV Modules Materials,"McMullen County, Texas",28.145934,-98.362373,1,2958.1131754352314,0.0,9952.75,0.0,0.0
PV Modules Materials,"McMullen County, Texas",28.145934,-98.362373,2,2904.681343821749,0.0,9948.2,0.0,0.0
PV Modules Materials,"McMullen County, Texas",28.145934,-98.362373,3,6144.693109443529,0.0,9928.69,0.0,0.0
PV Modules Materials,"McMullen County, Texas",28.145934,-98.362373,4,6085.559514752641,0.0,9925.88,0.0,0.0
PV Modules Materials,"McMullen County, Texas",28.145934,-98.362373,5,10064.78996938651,0.0,9999.51,0.0,0.0
PV Modules Materials,"McMullen County, Texas",28.145934,-98.362373,6,9944.083175169679,0.0,9995.41,0.0,0.0
PV Modules Materials,"McMullen County, Texas",28.145934,-98.362373,7,11531.497137949505,0.0,9813.92,0.0,0.0
PV Modules Materials,"McMullen County, Texas",28.145934,-98.362373,8,11429.343862343525,0.0,9813.92,0.0,0.0
PV Modules Materials,"McMullen County, Texas",28.145934,-98.362373,9,9955.328290513307,0.0,10038.2,0.0,0.0
PV Modules Materials,"McMullen County, Texas",28.145934,-98.362373,10,9906.283966039227,0.0,10037.23,0.0,0.0
PV Modules Materials,"McMullen County, Texas",28.145934,-98.362373,11,9849.63321313871,0.0,10012.21,0.0,0.0
PV Modules Materials,"McMullen County, Texas",28.145934,-98.362373,12,9810.896116021773,0.0,10012.21,0.0,0.0
PV Modules Materials,"McMullen County, Texas",28.145934,-98.362373,13,7897.864119461883,0.0,9817.37,0.0,0.0
PV Modules Materials,"McMullen County, Texas",28.145934,-98.362373,14,7870.156823368277,0.0,9817.37,0.0,0.0
PV Modules Materials,"McMullen County, Texas",28.145934,-98.362373,15,6948.929931072806,0.0,9401.68,0.0,0.0
PV Modules Materials,"McMullen County, Texas",28.145934,-98.362373,16,6926.92727693925,0.0,9401.68,0.0,0.0
PV Modules Materials,"McMullen County, Texas",28.145934,-98.362373,17,7263.881766462042,0.0,9778.39,0.0,0.0
PV Modules Materials,"McMullen County, Texas",28.145934,-98.362373,18,7242.9240537804035,0.0,9778.23,0.0,0.0
PV Modules Materials,"McMullen County, Texas",28.145934,-98.362373,19,8077.220180897317,0.0,9809.65,0.0,0.0
PV Modules Materials,"McMullen County, Texas",28.145934,-98.362373,20,8055.816254905048,0.0,9809.65,0.0,0.0
PV Modules Materials,"McMullen County, Texas",28.145934,-98.362373,21,11132.610508381911,0.0,9921.07,0.0,0.0
PV Modules Materials,"McMullen County, Texas",28.145934,-98.362373,22,11105.334334099176,0.0,9921.07,0.0,0.0
PV Modules Materials,"McMullen County, Texas",28.145934,-98.362373,23,9003.301669622682,0.0,9800.04,0.0,0.0
PV Modules Materials,"McMullen County, Texas",28.145934,-98.362373,24,8982.789117737993,0.0,9800.04,0.0,0.0
PV Modules Materials,"McMullen County, Texas",28.145934,-98.362373,25,8251.402772770376,0.0,9912.89,0.0,0.0
PV Modules Materials,"McMullen County, Texas",28.145934,-98.362373,26,8233.83496946001,0.0,9912.77,0.0,0.0
PV Modules Materials,"Franklin County, Pennsylvania",39.906651,-77.895377,1,180.32289542504202,0.0,9804.62,0.0,0.0
PV Modules Materials,"Franklin County, Pennsylvania",39.906651,-77.895377,2,177.06575750874546,0.0,9800.76,0.0,0.0
PV Modules Materials,"Franklin County, Pennsylvania",39.906651,-77.895377,3,278.27708093964293,0.0,9809.74,0.0,0.0
PV Modules Materials,"Franklin County, Pennsylvania",39.906651,-77.895377,4,275.5990750859807,0.0,9809.36,0.0,0.0
PV Modules Materials,"Franklin County, Pennsylvania",39.906651,-77.895377,5,455.19716296536694,0.0,9907.04,0.0,0.0
PV Modules Materials,"Franklin County, Pennsylvania",39.906651,-77.895377,6,449.7379938773611,0.0,9897.28,0.0,0.0
PV Modules Materials,"Franklin County, Pennsylvania",39.906651,-77.895377,7,161.22345326005305,0.0,9658.25,0.0,0.0
PV Modules Materials,"Franklin County, Pennsylvania",39.906651,-77.895377,8,159.79523421286424,0.0,9657.45,0.0,0.0
PV Modules Materials,"Franklin County, Pennsylvania",39.906651,-77.895377,9,129.69631698439238,0.0,9986.31,0.0,0.0
PV Modules Materials,"Franklin County, Pennsylvania",39.906651,-77.895377,10,129.05737590001473,0.0,9984.75,0.0,0.0
PV Modules Materials,"Franklin County, Pennsylvania",39.906651,-77.895377,11,129.93527570352546,0.0,9900.73,0.0,0.0
PV Modules Materials,"Franklin County, Pennsylvania",39.906651,-77.895377,12,129.42426018803096,0.0,9900.73,0.0,0.0
PV Modules Materials,"Franklin County, Pennsylvania",39.906651,-77.895377,13,126.52790386667377,0.0,9705.73,0.0,0.0
PV Modules Materials,"Franklin County, Pennsylvania",39.906651,-77.895377,14,126.08401852710475,0.0,9705.73,0.0,0.0
PV Modules Materials,"Franklin County, Pennsylvania",39.906651,-77.895377,15,173.59152013405006,0.0,9251.76,0.0,0.0
PV Modules Materials,"Franklin County, Pennsylvania",39.906651,-77.895377,16,173.0418708764069,0.0,9251.76,0.0,0.0
PV Modules Materials,"Franklin County, Pennsylvania",39.906651,-77.895377,17,145.34153176647735,0.0,9638.52,0.0,0.0
PV Modules Materials,"Franklin County, Pennsylvania",39.906651,-77.895377,18,144.92219315918686,0.0,9638.36,0.0,0.0
PV Modules Materials,"Franklin County, Pennsylvania",39.906651,-77.895377,19,115.15406020140145,0.0,9673.08,0.0,0.0
PV Modules Materials,"Franklin County, Pennsylvania",39.906651,-77.895377,20,114.84891202826019,0.0,9673.08,0.0,0.0
PV Modules Materials,"Franklin County, Pennsylvania",39.906651,-77.895377,21,200.75225862027887,0.0,9811.45,0.0,0.0
PV Modules Materials,"Franklin County, Pennsylvania",39.906651,-77.895377,22,200.26039253103988,0.0,9811.2,0.0,0.0
PV Modules Materials,"Franklin County, Pennsylvania",39.906651,-77.895377,23,171.8467000139599,0.0,9670.25,0.0,0.0
PV Modules Materials,"Franklin County, Pennsylvania",39.906651,-77.895377,24,171.4551753844851,0.0,9669.92,0.0,0.0
PV Modules Materials,"Franklin County, Pennsylvania",39.906651,-77.895377,25,134.17811163145296,0.0,9876.04,0.0,0.0
PV Modules Materials,"Franklin County, Pennsylvania",39.906651,-77.895377,26,133.8924372147979,0.0,9875.92,0.0,0.0
PV Modules Materials,"Shannon County, Missouri",37.05322,-91.292058,1,68.50683572623977,0.0,9887.29,0.0,0.0
PV Modules Materials,"Shannon County, Missouri",37.05322,-91.292058,2,67.26940987610865,0.0,9882.87,0.0,0.0
PV Modules Materials,"Shannon County, Missouri",37.05322,-91.292058,3,167.60616190593882,0.0,9851.64,0.0,0.0
PV Modules Materials,"Shannon County, Missouri",37.05322,-91.292058,4,165.99320017305607,0.0,9848.91,0.0,0.0
PV Modules Materials,"Shannon County, Missouri",37.05322,-91.292058,5,503.791792153514,0.0,9936.98,0.0,0.0
PV Modules Materials,"Shannon County, Missouri",37.05322,-91.292058,6,497.74982879724246,0.0,9930.36,0.0,0.0
PV Modules Materials,"Shannon County, Missouri",37.05322,-91.292058,7,437.3285144789156,0.0,9732.39,0.0,0.0
PV Modules Materials,"Shannon County, Missouri",37.05322,-91.292058,8,433.45438263502007,0.0,9732.36,0.0,0.0
PV Modules Materials,"Shannon County, Missouri",37.05322,-91.292058,9,114092.45528040527,0.0,9963.1,0.0,0.0
PV Modules Materials,"Shannon County, Missouri",37.05322,-91.292058,10,113530.38567973235,0.0,9963.1,0.0,0.0
PV Modules Materials,"Shannon County, Missouri",37.05322,-91.292058,11,154651.71451142264,0.0,9925.34,0.0,0.0
PV Modules Materials,"Shannon County, Missouri",37.05322,-91.292058,12,154043.49303203405,0.0,9925.34,0.0,0.0
PV Modules Materials,"Shannon County, Missouri",37.05322,-91.292058,13,538.1883708899633,0.0,9731.9,0.0,0.0
PV Modules Materials,"Shannon County, Missouri",37.05322,-91.292058,14,536.3002978209877,0.0,9731.9,0.0,0.0
PV Modules Materials,"Shannon County, Missouri",37.05322,-91.292058,15,586.2962304833313,0.0,9344.61,0.0,0.0
PV Modules Materials,"Shannon County, Missouri",37.05322,-91.292058,16,584.4398190204024,0.0,9344.61,0.0,0.0
PV Modules Materials,"Shannon County, Missouri",37.05322,-91.292058,17,680.0234437706906,0.0,9711.08,0.0,0.0
PV Modules Materials,"Shannon County, Missouri",37.05322,-91.292058,18,678.0614437809431,0.0,9711.08,0.0,0.0
PV Modules Materials,"Shannon County, Missouri",37.05322,-91.292058,19,722.1404875815845,0.0,9712.26,0.0,0.0
PV Modules Materials,"Shannon County, Missouri",37.05322,-91.292058,20,720.2268785420816,0.0,9712.26,0.0,0.0
PV Modules Materials,"Shannon County, Missouri",37.05322,-91.292058,21,492.2845803031287,0.0,9849.42,0.0,0.0
PV Modules Materials,"Shannon County, Missouri",37.05322,-91.292058,22,491.07842654440856,0.0,9849.42,0.0,0.0
PV Modules Materials,"Shannon County, Missouri",37.05322,-91.292058,23,547.4245582712707,0.0,9712.27,0.0,0.0
PV Modules Materials,"Shannon County, Missouri",37.05322,-91.292058,24,546.1773408540894,0.0,9712.27,0.0,0.0
PV Modules Materials,"Shannon County, Missouri",37.05322,-91.292058,25,935.6544053385072,0.0,9879.33,0.0,0.0
PV Modules Materials,"Shannon County, Missouri",37.05322,-91.292058,26,933.6623328373677,0.0,9879.33,0.0,0.0
PV Modules Materials,"Sacramento County, California",38.409126,-121.437007,1,12707.073053415248,0.0,10139.97,0.0,0.0
PV Modules Materials,"Sacramento County, California",38.409126,-121.437007,2,12477.547627096694,0.0,10135.55,0.0,0.0
PV Modules Materials,"Sacramento County, California",38.409126,-121.437007,3,55680.3554608765,0.0,10104.32,0.0,0.0
PV Modules Materials,"Sacramento County, California",38.409126,-121.437007,4,55144.51428648038,0.0,10101.59,0.0,0.0
PV Modules Materials,"Sacramento County, California",38.409126,-121.437007,5,129056.44277226867,0.0,10187.2,0.0,0.0
PV Modules Materials,"Sacramento County, California",38.409126,-121.437007,6,127508.67182747487,0.0,10183.09,0.0,0.0
PV Modules Materials,"Sacramento County, California",38.409126,-121.437007,7,134376.53831778813,0.0,9984.04,0.0,0.0
PV Modules Materials,"Sacramento County, California",38.409126,-121.437007,8,133186.1461779348,0.0,9984.01,0.0,0.0
PV Modules Materials,"Sacramento County, California",38.409126,-121.437007,9,252960.69318384578,0.0,10215.78,0.0,0.0
PV Modules Materials,"Sacramento County, California",38.409126,-121.437007,10,251714.49758349382,0.0,10215.78,0.0,0.0
PV Modules Materials,"Sacramento County, California",38.409126,-121.437007,11,165707.00711455935,0.0,10175.41,0.0,0.0
PV Modules Materials,"Sacramento County, California",38.409126,-121.437007,12,165055.3068645448,0.0,10175.41,0.0,0.0
PV Modules Materials,"Sacramento County, California",38.409126,-121.437007,13,122194.56007445205,0.0,9984.51,0.0,0.0
PV Modules Materials,"Sacramento County, California",38.409126,-121.437007,14,121765.87697661707,0.0,9984.51,0.0,0.0
PV Modules Materials,"Sacramento County, California",38.409126,-121.437007,15,21273.115207150848,0.0,9593.78,0.0,0.0
PV Modules Materials,"Sacramento County, California",38.409126,-121.437007,16,21205.75735480681,0.0,9593.78,0.0,0.0
PV Modules Materials,"Sacramento County, California",38.409126,-121.437007,17,20516.692958400323,0.0,9935.08,0.0,0.0
PV Modules Materials,"Sacramento County, California",38.409126,-121.437007,18,20457.498306005946,0.0,9934.92,0.0,0.0
PV Modules Materials,"Sacramento County, California",38.409126,-121.437007,19,25404.963804394858,0.0,9928.31,0.0,0.0
PV Modules Materials,"Sacramento County, California",38.409126,-121.437007,20,25337.642875544654,0.0,9928.31,0.0,0.0
PV Modules Materials,"Sacramento County, California",38.409126,-121.437007,21,137404.49922552763,0.0,10100.93,0.0,0.0
PV Modules Materials,"Sacramento County, California",38.409126,-121.437007,22,137067.84242205054,0.0,10100.93,0.0,0.0
PV Modules Materials,"Sacramento County, California",38.409126,-121.437007,23,40089.94492098606,0.0,9917.28,0.0,0.0
PV Modules Materials,"Sacramento County, California",38.409126,-121.437007,24,39998.60653142385,0.0,9917.28,0.0,0.0
PV Modules Materials,"Sacramento County, California",38.409126,-121.437007,25,40345.19805839654,0.0,10081.01,0.0,0.0
PV Modules Materials,"Sacramento County, California",38.409126,-121.437007,26,40259.30036032917,0.0,10081.01,0.0,0.0
PV Modules Materials,"Boone County, West Virginia",38.052583,-81.751992,1,1301.7155329173142,0.0,9816.89,0.0,0.0
PV Modules Materials,"Boone County, West Virginia",38.052583,-81.751992,2,1278.2028946108846,0.0,9812.89,0.0,0.0
PV Modules Materials,"Boone County, West Virginia",38.052583,-81.751992,3,144286.4332726536,0.0,9813.41,0.0,0.0
PV Modules Materials,"Boone County, West Virginia",38.052583,-81.751992,4,142897.88948168285,0.0,9813.41,0.0,0.0
PV Modules Materials,"Boone County, West Virginia",38.052583,-81.751992,5,79.52765313763281,0.0,9885.44,0.0,0.0
PV Modules Materials,"Boone County, West Virginia",38.052583,-81.751992,6,78.57387982581704,0.0,9876.47,0.0,0.0
PV Modules Materials,"Boone County, West Virginia",38.052583,-81.751992,7,116.44374614856007,0.0,9669.7,0.0,0.0
PV Modules Materials,"Boone County, West Virginia",38.052583,-81.751992,8,115.4122139935755,0.0,9668.75,0.0,0.0
PV Modules Materials,"Boone County, West Virginia",38.052583,-81.751992,9,173.98151092666708,0.0,9951.48,0.0,0.0
PV Modules Materials,"Boone County, West Virginia",38.052583,-81.751992,10,173.12440150492054,0.0,9949.92,0.0,0.0
PV Modules Materials,"Boone County, West Virginia",38.052583,-81.751992,11,257.7566417318483,0.0,9881.17,0.0,0.0
PV Modules Materials,"Boone County, West Virginia",38.052583,-81.751992,12,256.7429243834719,0.0,9881.17,0.0,0.0
PV Modules Materials,"Boone County, West Virginia",38.052583,-81.751992,13,181.36106886751125,0.0,9692.94,0.0,0.0
PV Modules Materials,"Boone County, West Virginia",38.052583,-81.751992,14,180.72481775468415,0.0,9692.94,0.0,0.0
PV Modules Materials,"Boone County, West Virginia",38.052583,-81.751992,15,493.7965834392138,0.0,9265.97,0.0,0.0
PV Modules Materials,"Boone County, West Virginia",38.052583,-81.751992,16,492.2330570336355,0.0,9265.97,0.0,0.0
PV Modules Materials,"Boone County, West Virginia",38.052583,-81.751992,17,684.6577934120326,0.0,9659.2,0.0,0.0
PV Modules Materials,"Boone County, West Virginia",38.052583,-81.751992,18,682.6824224215761,0.0,9659.04,0.0,0.0
PV Modules Materials,"Boone County, West Virginia",38.052583,-81.751992,19,904.6478065116664,0.0,9676.92,0.0,0.0
PV Modules Materials,"Boone County, West Virginia",38.052583,-81.751992,20,902.250569062892,0.0,9676.92,0.0,0.0
PV Modules Materials,"Boone County, West Virginia",38.052583,-81.751992,21,1167.761147911044,0.0,9797.94,0.0,0.0
PV Modules Materials,"Boone County, West Virginia",38.052583,-81.751992,22,1164.8999989858173,0.0,9797.7,0.0,0.0
PV Modules Materials,"Boone County, West Virginia",38.052583,-81.751992,23,13002.863650622332,0.0,9672.43,0.0,0.0
PV Modules Materials,"Boone County, West Virginia",38.052583,-81.751992,24,12973.23875021687,0.0,9672.43,0.0,0.0
PV Modules Materials,"Boone County, West Virginia",38.052583,-81.751992,25,6092.972821992781,0.0,9841.05,0.0,0.0
PV Modules Materials,"Boone County, West Virginia",38.052583,-81.751992,26,6080.000464314955,0.0,9841.05,0.0,0.0
PV Modules Materials,"Greene County, Ohio",39.78942,-83.94138,1,449.44009803691665,0.0,9841.13,0.0,0.0
PV Modules Materials,"Greene County, Ohio",39.78942,-83.94138,2,441.3219476435929,0.0,9837.13,0.0,0.0
PV Modules Materials,"Greene County, Ohio",39.78942,-83.94138,3,714.1331209160064,0.0,9835.19,0.0,0.0
PV Modules Materials,"Greene County, Ohio",39.78942,-83.94138,4,707.2606444919709,0.0,9835.19,0.0,0.0
PV Modules Materials,"Greene County, Ohio",39.78942,-83.94138,5,150533.82471872697,0.0,9911.49,0.0,0.0
PV Modules Materials,"Greene County, Ohio",39.78942,-83.94138,6,148728.4760270738,0.0,9902.52,0.0,0.0
PV Modules Materials,"Greene County, Ohio",39.78942,-83.94138,7,40670.596394129156,0.0,9693.94,0.0,0.0
PV Modules Materials,"Greene County, Ohio",39.78942,-83.94138,8,40310.310596647,0.0,9693.14,0.0,0.0
PV Modules Materials,"Greene County, Ohio",39.78942,-83.94138,9,182819.4049201382,0.0,9965.93,0.0,0.0
PV Modules Materials,"Greene County, Ohio",39.78942,-83.94138,10,181918.75614659587,0.0,9965.93,0.0,0.0
PV Modules Materials,"Greene County, Ohio",39.78942,-83.94138,11,2601.5147593370093,0.0,9890.0,0.0,0.0
PV Modules Materials,"Greene County, Ohio",39.78942,-83.94138,12,2591.2834006962457,0.0,9890.0,0.0,0.0
PV Modules Materials,"Greene County, Ohio",39.78942,-83.94138,13,2899.3345901271146,0.0,9708.51,0.0,0.0
PV Modules Materials,"Greene County, Ohio",39.78942,-83.94138,14,2889.1631411444564,0.0,9708.51,0.0,0.0
PV Modules Materials,"Greene County, Ohio",39.78942,-83.94138,15,996.0501747925376,0.0,9289.89,0.0,0.0
PV Modules Materials,"Greene County, Ohio",39.78942,-83.94138,16,992.8963442440913,0.0,9289.89,0.0,0.0
PV Modules Materials,"Greene County, Ohio",39.78942,-83.94138,17,1032.8124029788337,0.0,9681.05,0.0,0.0
PV Modules Materials,"Greene County, Ohio",39.78942,-83.94138,18,1029.832538177674,0.0,9680.9,0.0,0.0
PV Modules Materials,"Greene County, Ohio",39.78942,-83.94138,19,1019.0468332397625,0.0,9701.86,0.0,0.0
PV Modules Materials,"Greene County, Ohio",39.78942,-83.94138,20,1016.3464483904171,0.0,9701.86,0.0,0.0
PV Modules Materials,"Greene County, Ohio",39.78942,-83.94138,21,1097.1054733846797,0.0,9817.57,0.0,0.0
PV Modules Materials,"Greene County, Ohio",39.78942,-83.94138,22,1094.4174389765733,0.0,9817.33,0.0,0.0
PV Modules Materials,"Greene County, Ohio",39.78942,-83.94138,23,1090.1322075787514,0.0,9698.49,0.0,0.0
PV Modules Materials,"Greene County, Ohio",39.78942,-83.94138,24,1087.6485194508089,0.0,9698.49,0.0,0.0
PV Modules Materials,"Greene County, Ohio",39.78942,-83.94138,25,833.9879887933246,0.0,9855.68,0.0,0.0
PV Modules Materials,"Greene County, Ohio",39.78942,-83.94138,26,832.212371076701,0.0,9855.54,0.0,0.0
PV Modules Materials,"Wythe County, Virginia",37.062775,-80.920071,1,4974.671980316118,0.0,9808.45,0.0,0.0
PV Modules Materials,"Wythe County, Virginia",37.062775,-80.920071,2,4884.815433314515,0.0,9804.44,0.0,0.0
PV Modules Materials,"Wythe County, Virginia",37.062775,-80.920071,3,2808.636729940109,0.0,9804.82,0.0,0.0
PV Modules Materials,"Wythe County, Virginia",37.062775,-80.920071,4,2781.6077501254845,0.0,9804.82,0.0,0.0
PV Modules Materials,"Wythe County, Virginia",37.062775,-80.920071,5,25098.621296503705,0.0,9876.84,0.0,0.0
PV Modules Materials,"Wythe County, Virginia",37.062775,-80.920071,6,24797.614109550163,0.0,9867.88,0.0,0.0
PV Modules Materials,"Wythe County, Virginia",37.062775,-80.920071,7,66795.0523389015,0.0,9661.93,0.0,0.0
PV Modules Materials,"Wythe County, Virginia",37.062775,-80.920071,8,66203.33963160377,0.0,9660.15,0.0,0.0
PV Modules Materials,"Wythe County, Virginia",37.062775,-80.920071,9,102421.03443405592,0.0,9950.12,0.0,0.0
PV Modules Materials,"Wythe County, Virginia",37.062775,-80.920071,10,101916.4633843456,0.0,9948.56,0.0,0.0
PV Modules Materials,"Wythe County, Virginia",37.062775,-80.920071,11,28979.268839407516,0.0,9885.25,0.0,0.0
PV Modules Materials,"Wythe County, Virginia",37.062775,-80.920071,12,28865.297818647814,0.0,9885.25,0.0,0.0
PV Modules Materials,"Wythe County, Virginia",37.062775,-80.920071,13,41472.31431218079,0.0,9684.35,0.0,0.0
PV Modules Materials,"Wythe County, Virginia",37.062775,-80.920071,14,41326.82109085489,0.0,9684.35,0.0,0.0
PV Modules Materials,"Wythe County, Virginia",37.062775,-80.920071,15,2530.8953326694814,0.0,9256.93,0.0,0.0
PV Modules Materials,"Wythe County, Virginia",37.062775,-80.920071,16,2522.881665068092,0.0,9256.93,0.0,0.0
PV Modules Materials,"Wythe County, Virginia",37.062775,-80.920071,17,2352.4065689647455,0.0,9652.27,0.0,0.0
PV Modules Materials,"Wythe County, Virginia",37.062775,-80.920071,18,2345.6194181591823,0.0,9652.12,0.0,0.0
PV Modules Materials,"Wythe County, Virginia",37.062775,-80.920071,19,1771.9870389597377,0.0,9668.33,0.0,0.0
PV Modules Materials,"Wythe County, Virginia",37.062775,-80.920071,20,1767.2914285155834,0.0,9668.33,0.0,0.0
PV Modules Materials,"Wythe County, Virginia",37.062775,-80.920071,21,2346.4262327933698,0.0,9793.31,0.0,0.0
PV Modules Materials,"Wythe County, Virginia",37.062775,-80.920071,22,2340.677219045062,0.0,9793.07,0.0,0.0
PV Modules Materials,"Wythe County, Virginia",37.062775,-80.920071,23,27645.36397118591,0.0,9661.39,0.0,0.0
PV Modules Materials,"Wythe County, Virginia",37.062775,-80.920071,24,27582.37852610821,0.0,9661.39,0.0,0.0
PV Modules Materials,"Wythe County, Virginia",37.062775,-80.920071,25,1363.926110654083,0.0,9839.69,0.0,0.0
PV Modules Materials,"Wythe County, Virginia",37.062775,-80.920071,26,1361.0222182733942,0.0,9839.69,0.0,0.0
PV Modules Materials,"Lander County, Nevada",39.598821,-116.784229,1,18033.77901035418,0.0,10101.17,0.0,0.0
PV Modules Materials,"Lander County, Nevada",39.598821,-116.784229,2,17708.038314752084,0.0,10096.93,0.0,0.0
PV Modules Materials,"Lander County, Nevada",39.598821,-116.784229,3,1029.60528270969,0.0,10065.54,0.0,0.0
PV Modules Materials,"Lander County, Nevada",39.598821,-116.784229,4,1019.6968527206026,0.0,10062.82,0.0,0.0
PV Modules Materials,"Lander County, Nevada",39.598821,-116.784229,5,1399.630496800867,0.0,10149.04,0.0,0.0
PV Modules Materials,"Lander County, Nevada",39.598821,-116.784229,6,1382.8447604992832,0.0,10144.56,0.0,0.0
PV Modules Materials,"Lander County, Nevada",39.598821,-116.784229,7,923.7942032837599,0.0,9944.92,0.0,0.0
PV Modules Materials,"Lander County, Nevada",39.598821,-116.784229,8,915.6106515105303,0.0,9944.89,0.0,0.0
PV Modules Materials,"Lander County, Nevada",39.598821,-116.784229,9,823.4351727688377,0.0,10176.86,0.0,0.0
PV Modules Materials,"Lander County, Nevada",39.598821,-116.784229,10,819.378569046876,0.0,10176.86,0.0,0.0
PV Modules Materials,"Lander County, Nevada",39.598821,-116.784229,11,994.9038101786164,0.0,10136.2,0.0,0.0
PV Modules Materials,"Lander County, Nevada",39.598821,-116.784229,12,990.9910060484596,0.0,10136.2,0.0,0.0
PV Modules Materials,"Lander County, Nevada",39.598821,-116.784229,13,511.95340770573506,0.0,9945.59,0.0,0.0
PV Modules Materials,"Lander County, Nevada",39.598821,-116.784229,14,510.15737216512866,0.0,9945.59,0.0,0.0
PV Modules Materials,"Lander County, Nevada",39.598821,-116.784229,15,478.1209503886848,0.0,9554.71,0.0,0.0
PV Modules Materials,"Lander County, Nevada",39.598821,-116.784229,16,476.6070583204443,0.0,9554.71,0.0,0.0
PV Modules Materials,"Lander County, Nevada",39.598821,-116.784229,17,461.60527907181734,0.0,9896.92,0.0,0.0
PV Modules Materials,"Lander County, Nevada",39.598821,-116.784229,18,460.2734579984374,0.0,9896.77,0.0,0.0
PV Modules Materials,"Lander County, Nevada",39.598821,-116.784229,19,1212.9315009218467,0.0,9899.77,0.0,0.0
PV Modules Materials,"Lander County, Nevada",39.598821,-116.784229,20,1209.7173386855834,0.0,9899.77,0.0,0.0
PV Modules Materials,"Lander County, Nevada",39.598821,-116.784229,21,101.50280241692153,0.0,10061.72,0.0,0.0
PV Modules Materials,"Lander County, Nevada",39.598821,-116.784229,22,101.2541088937964,0.0,10061.72,0.0,0.0
PV Modules Materials,"Lander County, Nevada",39.598821,-116.784229,23,404.3693701935342,0.0,9888.75,0.0,0.0
PV Modules Materials,"Lander County, Nevada",39.598821,-116.784229,24,403.44808064987046,0.0,9888.75,0.0,0.0
PV Modules Materials,"Lander County, Nevada",39.598821,-116.784229,25,3668.6900386049415,0.0,10052.47,0.0,0.0
PV Modules Materials,"Lander County, Nevada",39.598821,-116.784229,26,3660.8791455023056,0.0,10052.47,0.0,0.0
PV Modules Materials,"Worcester County, Massachusetts",42.313044,-71.905331,1,1821.458421738299,0.0,9841.85,0.0,0.0
PV Modules Materials,"Worcester County, Massachusetts",42.313044,-71.905331,2,1788.557767196249,0.0,9837.99,0.0,0.0
PV Modules Materials,"Worcester County, Massachusetts",42.313044,-71.905331,3,3065.5617499823798,0.0,9845.62,0.0,0.0
PV Modules Materials,"Worcester County, Massachusetts",42.313044,-71.905331,4,3036.0602463605405,0.0,9845.24,0.0,0.0
PV Modules Materials,"Worcester County, Massachusetts",42.313044,-71.905331,5,140572.8029647771,0.0,9949.19,0.0,0.0
PV Modules Materials,"Worcester County, Massachusetts",42.313044,-71.905331,6,138886.91657752384,0.0,9939.43,0.0,0.0
PV Modules Materials,"Worcester County, Massachusetts",42.313044,-71.905331,7,4788.580275880095,0.0,9698.41,0.0,0.0
PV Modules Materials,"Worcester County, Massachusetts",42.313044,-71.905331,8,4746.16001120574,0.0,9696.63,0.0,0.0
PV Modules Materials,"Worcester County, Massachusetts",42.313044,-71.905331,9,137569.71481890237,0.0,10029.42,0.0,0.0
PV Modules Materials,"Worcester County, Massachusetts",42.313044,-71.905331,10,136891.98591489275,0.0,10027.86,0.0,0.0
PV Modules Materials,"Worcester County, Massachusetts",42.313044,-71.905331,11,172091.06904240936,0.0,9945.79,0.0,0.0
PV Modules Materials,"Worcester County, Massachusetts",42.313044,-71.905331,12,171414.26125574362,0.0,9945.79,0.0,0.0
PV Modules Materials,"Worcester County, Massachusetts",42.313044,-71.905331,13,3047.6099092158324,0.0,9746.41,0.0,0.0
PV Modules Materials,"Worcester County, Massachusetts",42.313044,-71.905331,14,3036.918280586216,0.0,9746.41,0.0,0.0
PV Modules Materials,"Worcester County, Massachusetts",42.313044,-71.905331,15,2542.0131884988887,0.0,9294.73,0.0,0.0
PV Modules Materials,"Worcester County, Massachusetts",42.313044,-71.905331,16,2533.9643180189337,0.0,9294.73,0.0,0.0
PV Modules Materials,"Worcester County, Massachusetts",42.313044,-71.905331,17,2844.855382070976,0.0,9681.48,0.0,0.0
PV Modules Materials,"Worcester County, Massachusetts",42.313044,-71.905331,18,2836.6474205931972,0.0,9681.33,0.0,0.0
PV Modules Materials,"Worcester County, Massachusetts",42.313044,-71.905331,19,2553.930565092168,0.0,9708.95,0.0,0.0
PV Modules Materials,"Worcester County, Massachusetts",42.313044,-71.905331,20,2547.162872794525,0.0,9708.95,0.0,0.0
PV Modules Materials,"Worcester County, Massachusetts",42.313044,-71.905331,21,3734.5719711762263,0.0,9855.46,0.0,0.0
PV Modules Materials,"Worcester County, Massachusetts",42.313044,-71.905331,22,3725.4218409457194,0.0,9855.22,0.0,0.0
PV Modules Materials,"Worcester County, Massachusetts",42.313044,-71.905331,23,3539.108403365682,0.0,9705.71,0.0,0.0
PV Modules Materials,"Worcester County, Massachusetts",42.313044,-71.905331,24,3531.0451230921226,0.0,9705.38,0.0,0.0
PV Modules Materials,"Worcester County, Massachusetts",42.313044,-71.905331,25,52342.277185096355,0.0,9919.95,0.0,0.0
PV Modules Materials,"Worcester County, Massachusetts",42.313044,-71.905331,26,52230.836881462295,0.0,9919.83,0.0,0.0
PV Modules Materials,"Grand County, Colorado",40.033681,-105.86663,1,56051.73542088375,0.0,10012.4,0.0,0.0
PV Modules Materials,"Grand County, Colorado",40.033681,-105.86663,2,55039.28366159245,0.0,10008.16,0.0,0.0
PV Modules Materials,"Grand County, Colorado",40.033681,-105.86663,3,122796.69778489017,0.0,9976.81,0.0,0.0
PV Modules Materials,"Grand County, Colorado",40.033681,-105.86663,4,121614.96095493663,0.0,9974.09,0.0,0.0
PV Modules Materials,"Grand County, Colorado",40.033681,-105.86663,5,7390.525110226174,0.0,10062.08,0.0,0.0
PV Modules Materials,"Grand County, Colorado",40.033681,-105.86663,6,7301.890712851982,0.0,10056.36,0.0,0.0
PV Modules Materials,"Grand County, Colorado",40.033681,-105.86663,7,32411.878265677635,0.0,9856.04,0.0,0.0
PV Modules Materials,"Grand County, Colorado",40.033681,-105.86663,8,32124.753402897666,0.0,9856.0,0.0,0.0
PV Modules Materials,"Grand County, Colorado",40.033681,-105.86663,9,7269.311864961758,0.0,10088.14,0.0,0.0
PV Modules Materials,"Grand County, Colorado",40.033681,-105.86663,10,7233.500038429809,0.0,10088.14,0.0,0.0
PV Modules Materials,"Grand County, Colorado",40.033681,-105.86663,11,7634.651036191388,0.0,10047.26,0.0,0.0
PV Modules Materials,"Grand County, Colorado",40.033681,-105.86663,12,7604.625124338305,0.0,10047.26,0.0,0.0
PV Modules Materials,"Grand County, Colorado",40.033681,-105.86663,13,6425.8386790066525,0.0,9856.86,0.0,0.0
PV Modules Materials,"Grand County, Colorado",40.033681,-105.86663,14,6403.295544276055,0.0,9856.86,0.0,0.0
PV Modules Materials,"Grand County, Colorado",40.033681,-105.86663,15,2092.819772459192,0.0,9466.62,0.0,0.0
PV Modules Materials,"Grand County, Colorado",40.033681,-105.86663,16,2086.1931997243914,0.0,9466.62,0.0,0.0
PV Modules Materials,"Grand County, Colorado",40.033681,-105.86663,17,2045.280648115566,0.0,9810.27,0.0,0.0
PV Modules Materials,"Grand County, Colorado",40.033681,-105.86663,18,2039.3796153682506,0.0,9810.11,0.0,0.0
PV Modules Materials,"Grand County, Colorado",40.033681,-105.86663,19,2236.872982028589,0.0,9829.61,0.0,0.0
PV Modules Materials,"Grand County, Colorado",40.033681,-105.86663,20,2230.9454645548585,0.0,9829.61,0.0,0.0
PV Modules Materials,"Grand County, Colorado",40.033681,-105.86663,21,2901.8295939847803,0.0,9972.78,0.0,0.0
PV Modules Materials,"Grand County, Colorado",40.033681,-105.86663,22,2894.719778215629,0.0,9972.78,0.0,0.0
PV Modules Materials,"Grand County, Colorado",40.033681,-105.86663,23,5304.022969092788,0.0,9813.46,0.0,0.0
PV Modules Materials,"Grand County, Colorado",40.033681,-105.86663,24,5291.9386193349455,0.0,9813.46,0.0,0.0
PV Modules Materials,"Grand County, Colorado",40.033681,-105.86663,25,3840.15270661284,0.0,9999.48,0.0,0.0
PV Modules Materials,"Grand County, Colorado",40.033681,-105.86663,26,3831.9767577118646,0.0,9999.48,0.0,0.0
PV Modules Materials,"Iron County, Michigan",46.395899,-88.25977,1,18.141108378413726,0.0,9910.42,0.0,0.0
PV Modules Materials,"Iron County, Michigan",46.395899,-88.25977,2,17.813429012997048,0.0,9906.56,0.0,0.0
PV Modules Materials,"Iron County, Michigan",46.395899,-88.25977,3,41.76581861371198,0.0,9912.96,0.0,0.0
PV Modules Materials,"Iron County, Michigan",46.395899,-88.25977,4,41.36388430294213,0.0,9911.36,0.0,0.0
PV Modules Materials,"Iron County, Michigan",46.395899,-88.25977,5,74.8742526016114,0.0,9987.76,0.0,0.0
PV Modules Materials,"Iron County, Michigan",46.395899,-88.25977,6,73.97628741521294,0.0,9978.79,0.0,0.0
PV Modules Materials,"Iron County, Michigan",46.395899,-88.25977,7,81.11874326864893,0.0,9764.41,0.0,0.0
PV Modules Materials,"Iron County, Michigan",46.395899,-88.25977,8,80.40014227184835,0.0,9763.62,0.0,0.0
PV Modules Materials,"Iron County, Michigan",46.395899,-88.25977,9,99.64177548063454,0.0,10027.72,0.0,0.0
PV Modules Materials,"Iron County, Michigan",46.395899,-88.25977,10,99.15089628255701,0.0,10027.64,0.0,0.0
PV Modules Materials,"Iron County, Michigan",46.395899,-88.25977,11,105.66605031993235,0.0,9966.33,0.0,0.0
PV Modules Materials,"Iron County, Michigan",46.395899,-88.25977,12,105.25048194650844,0.0,9966.33,0.0,0.0
PV Modules Materials,"Iron County, Michigan",46.395899,-88.25977,13,6787.628737547054,0.0,9780.91,0.0,0.0
PV Modules Materials,"Iron County, Michigan",46.395899,-88.25977,14,6763.816370512118,0.0,9780.91,0.0,0.0
PV Modules Materials,"Iron County, Michigan",46.395899,-88.25977,15,4625.278725016103,0.0,9357.93,0.0,0.0
PV Modules Materials,"Iron County, Michigan",46.395899,-88.25977,16,4610.633533732366,0.0,9357.93,0.0,0.0
PV Modules Materials,"Iron County, Michigan",46.395899,-88.25977,17,3029.095070231321,0.0,9744.68,0.0,0.0
PV Modules Materials,"Iron County, Michigan",46.395899,-88.25977,18,3020.3555413942213,0.0,9744.53,0.0,0.0
PV Modules Materials,"Iron County, Michigan",46.395899,-88.25977,19,350355.85875601636,0.0,9779.25,0.0,0.0
PV Modules Materials,"Iron County, Michigan",46.395899,-88.25977,20,349427.44641812966,0.0,9779.25,0.0,0.0
PV Modules Materials,"Iron County, Michigan",46.395899,-88.25977,21,244.26453013045213,0.0,9895.85,0.0,0.0
PV Modules Materials,"Iron County, Michigan",46.395899,-88.25977,22,243.6660539787974,0.0,9895.6,0.0,0.0
PV Modules Materials,"Iron County, Michigan",46.395899,-88.25977,23,286.34236272176656,0.0,9773.66,0.0,0.0
PV Modules Materials,"Iron County, Michigan",46.395899,-88.25977,24,285.68997843124214,0.0,9773.33,0.0,0.0
PV Modules Materials,"Iron County, Michigan",46.395899,-88.25977,25,235.04905129493991,0.0,9933.95,0.0,0.0
PV Modules Materials,"Iron County, Michigan",46.395899,-88.25977,26,234.5486157186929,0.0,9933.81,0.0,0.0
PV Modules Materials,"Valencia County, New Mexico",34.624954,-106.57373,1,3583.6128742078017,0.0,10017.27,0.0,0.0
PV Modules Materials,"Valencia County, New Mexico",34.624954,-106.57373,2,3518.8827613599697,0.0,10012.46,0.0,0.0
PV Modules Materials,"Valencia County, New Mexico",34.624954,-106.57373,3,4856.265323119432,0.0,9983.6,0.0,0.0
PV Modules Materials,"Valencia County, New Mexico",34.624954,-106.57373,4,4809.530942701409,0.0,9980.87,0.0,0.0
PV Modules Materials,"Valencia County, New Mexico",34.624954,-106.57373,5,68813.7667978136,0.0,10056.33,0.0,0.0
PV Modules Materials,"Valencia County, New Mexico",34.624954,-106.57373,6,67988.48487803053,0.0,10051.87,0.0,0.0
PV Modules Materials,"Valencia County, New Mexico",34.624954,-106.57373,7,1958.4688667523196,0.0,9866.92,0.0,0.0
PV Modules Materials,"Valencia County, New Mexico",34.624954,-106.57373,8,1941.119514147211,0.0,9866.89,0.0,0.0
PV Modules Materials,"Valencia County, New Mexico",34.624954,-106.57373,9,1499.000889239942,0.0,10084.56,0.0,0.0
PV Modules Materials,"Valencia County, New Mexico",34.624954,-106.57373,10,1491.6161517553055,0.0,10084.56,0.0,0.0
PV Modules Materials,"Valencia County, New Mexico",34.624954,-106.57373,11,1171.2368800042848,0.0,10053.38,0.0,0.0
PV Modules Materials,"Valencia County, New Mexico",34.624954,-106.57373,12,1166.6305849488365,0.0,10053.38,0.0,0.0
PV Modules Materials,"Valencia County, New Mexico",34.624954,-106.57373,13,1244.4610525899257,0.0,9862.4,0.0,0.0
PV Modules Materials,"Valencia County, New Mexico",34.624954,-106.57373,14,1240.095232877214,0.0,9862.4,0.0,0.0
PV Modules Materials,"Valencia County, New Mexico",34.624954,-106.57373,15,1093.7135175056846,0.0,9470.53,0.0,0.0
PV Modules Materials,"Valencia County, New Mexico",34.624954,-106.57373,16,1090.2504518990986,0.0,9470.53,0.0,0.0
PV Modules Materials,"Valencia County, New Mexico",34.624954,-106.57373,17,990.2912916985365,0.0,9812.97,0.0,0.0
PV Modules Materials,"Valencia County, New Mexico",34.624954,-106.57373,18,987.434108579399,0.0,9812.81,0.0,0.0
PV Modules Materials,"Valencia County, New Mexico",34.624954,-106.57373,19,1027.0917028695364,0.0,9832.31,0.0,0.0
PV Modules Materials,"Valencia County, New Mexico",34.624954,-106.57373,20,1024.3699998203256,0.0,9832.31,0.0,0.0
PV Modules Materials,"Valencia County, New Mexico",34.624954,-106.57373,21,946.0556641080587,0.0,9979.53,0.0,0.0
PV Modules Materials,"Valencia County, New Mexico",34.624954,-106.57373,22,943.7377190801653,0.0,9979.53,0.0,0.0
PV Modules Materials,"Valencia County, New Mexico",34.624954,-106.57373,23,1019.4294389126585,0.0,9816.16,0.0,0.0
PV Modules Materials,"Valencia County, New Mexico",34.624954,-106.57373,24,1017.1068354916238,0.0,9816.16,0.0,0.0
PV Modules Materials,"Valencia County, New Mexico",34.624954,-106.57373,25,973.7343821438153,0.0,9979.53,0.0,0.0
PV Modules Materials,"Valencia County, New Mexico",34.624954,-106.57373,26,971.6612347562594,0.0,9979.53,0.0,0.0
PV Modules Materials,"Cass County, Indiana",40.729393,-86.259654,1,1210.0129314508813,0.0,9862.6,0.0,0.0
PV Modules Materials,"Cass County, Indiana",40.729393,-86.259654,2,1188.1566996676238,0.0,9858.6,0.0,0.0
PV Modules Materials,"Cass County, Indiana",40.729393,-86.259654,3,2855.7630322041614,0.0,9850.4,0.0,0.0
PV Modules Materials,"Cass County, Indiana",40.729393,-86.259654,4,2828.2805313417443,0.0,9850.4,0.0,0.0
PV Modules Materials,"Cass County, Indiana",40.729393,-86.259654,5,5834.271770751339,0.0,9930.27,0.0,0.0
PV Modules Materials,"Cass County, Indiana",40.729393,-86.259654,6,5764.3014838224335,0.0,9921.31,0.0,0.0
PV Modules Materials,"Cass County, Indiana",40.729393,-86.259654,7,17895.435460413428,0.0,9715.41,0.0,0.0
PV Modules Materials,"Cass County, Indiana",40.729393,-86.259654,8,17736.906404835667,0.0,9714.61,0.0,0.0
PV Modules Materials,"Cass County, Indiana",40.729393,-86.259654,9,6491.836153924858,0.0,9967.36,0.0,0.0
PV Modules Materials,"Cass County, Indiana",40.729393,-86.259654,10,6459.854514598202,0.0,9967.28,0.0,0.0
PV Modules Materials,"Cass County, Indiana",40.729393,-86.259654,11,6358.318772108846,0.0,9904.82,0.0,0.0
PV Modules Materials,"Cass County, Indiana",40.729393,-86.259654,12,6333.312479341815,0.0,9904.82,0.0,0.0
PV Modules Materials,"Cass County, Indiana",40.729393,-86.259654,13,6370.978933851124,0.0,9718.35,0.0,0.0
PV Modules Materials,"Cass County, Indiana",40.729393,-86.259654,14,6348.628258142317,0.0,9718.35,0.0,0.0
PV Modules Materials,"Cass County, Indiana",40.729393,-86.259654,15,5978.645838386952,0.0,9311.29,0.0,0.0
PV Modules Materials,"Cass County, Indiana",40.729393,-86.259654,16,5959.715430702045,0.0,9311.29,0.0,0.0
PV Modules Materials,"Cass County, Indiana",40.729393,-86.259654,17,6249.187950151981,0.0,9702.45,0.0,0.0
PV Modules Materials,"Cass County, Indiana",40.729393,-86.259654,18,6231.1578266225015,0.0,9702.29,0.0,0.0
PV Modules Materials,"Cass County, Indiana",40.729393,-86.259654,19,19484.655102176737,0.0,9717.05,0.0,0.0
PV Modules Materials,"Cass County, Indiana",40.729393,-86.259654,20,19433.02247282509,0.0,9717.05,0.0,0.0
PV Modules Materials,"Cass County, Indiana",40.729393,-86.259654,21,31911.000451888172,0.0,9837.41,0.0,0.0
PV Modules Materials,"Cass County, Indiana",40.729393,-86.259654,22,31832.814835926234,0.0,9837.17,0.0,0.0
PV Modules Materials,"Cass County, Indiana",40.729393,-86.259654,23,239617.37816334385,0.0,9719.55,0.0,0.0
PV Modules Materials,"Cass County, Indiana",40.729393,-86.259654,24,239071.4491161553,0.0,9719.55,0.0,0.0
PV Modules Materials,"Cass County, Indiana",40.729393,-86.259654,25,5448.03205087426,0.0,9874.75,0.0,0.0
PV Modules Materials,"Cass County, Indiana",40.729393,-86.259654,26,5436.4328164005565,0.0,9874.75,0.0,0.0
PV Modules Materials,"Knox County, Missouri",39.969931,-92.013952,1,27.49093815701568,0.0,9902.62,0.0,0.0
PV Modules Materials,"Knox County, Missouri",39.969931,-92.013952,2,26.994374607419175,0.0,9898.38,0.0,0.0
PV Modules Materials,"Knox County, Missouri",39.969931,-92.013952,3,72.21892614743756,0.0,9867.55,0.0,0.0
PV Modules Materials,"Knox County, Missouri",39.969931,-92.013952,4,71.52392565974023,0.0,9864.83,0.0,0.0
PV Modules Materials,"Knox County, Missouri",39.969931,-92.013952,5,181.24977405588584,0.0,9957.77,0.0,0.0
PV Modules Materials,"Knox County, Missouri",39.969931,-92.013952,6,179.07604969150705,0.0,9950.0,0.0,0.0
PV Modules Materials,"Knox County, Missouri",39.969931,-92.013952,7,181.94158984720414,0.0,9745.69,0.0,0.0
PV Modules Materials,"Knox County, Missouri",39.969931,-92.013952,8,180.3298364773241,0.0,9745.59,0.0,0.0
PV Modules Materials,"Knox County, Missouri",39.969931,-92.013952,9,6784.4623335693805,0.0,9980.03,0.0,0.0
PV Modules Materials,"Knox County, Missouri",39.969931,-92.013952,10,6751.039089015322,0.0,9980.03,0.0,0.0
PV Modules Materials,"Knox County, Missouri",39.969931,-92.013952,11,185.29686884423944,0.0,9936.7,0.0,0.0
PV Modules Materials,"Knox County, Missouri",39.969931,-92.013952,12,184.568124671887,0.0,9936.7,0.0,0.0
PV Modules Materials,"Knox County, Missouri",39.969931,-92.013952,13,22667.63096871155,0.0,9746.53,0.0,0.0
PV Modules Materials,"Knox County, Missouri",39.969931,-92.013952,14,22588.108359371763,0.0,9746.53,0.0,0.0
PV Modules Materials,"Knox County, Missouri",39.969931,-92.013952,15,2874.993734086701,0.0,9353.84,0.0,0.0
PV Modules Materials,"Knox County, Missouri",39.969931,-92.013952,16,2865.890534976231,0.0,9353.84,0.0,0.0
PV Modules Materials,"Knox County, Missouri",39.969931,-92.013952,17,1765.1132675123513,0.0,9730.72,0.0,0.0
PV Modules Materials,"Knox County, Missouri",39.969931,-92.013952,18,1760.0205721876737,0.0,9730.72,0.0,0.0
PV Modules Materials,"Knox County, Missouri",39.969931,-92.013952,19,48498.63878860974,0.0,9731.9,0.0,0.0
PV Modules Materials,"Knox County, Missouri",39.969931,-92.013952,20,48370.121643836064,0.0,9731.9,0.0,0.0
PV Modules Materials,"Knox County, Missouri",39.969931,-92.013952,21,8468.864860118525,0.0,9862.22,0.0,0.0
PV Modules Materials,"Knox County, Missouri",39.969931,-92.013952,22,8448.115168594908,0.0,9862.22,0.0,0.0
PV Modules Materials,"Knox County, Missouri",39.969931,-92.013952,23,2309.667724015268,0.0,9731.91,0.0,0.0
PV Modules Materials,"Knox County, Missouri",39.969931,-92.013952,24,2304.4055234622087,0.0,9731.91,0.0,0.0
PV Modules Materials,"Knox County, Missouri",39.969931,-92.013952,25,1456.1877108921888,0.0,9902.87,0.0,0.0
PV Modules Materials,"Knox County, Missouri",39.969931,-92.013952,26,1453.0873872269394,0.0,9902.87,0.0,0.0
PV Modules Materials,"Snohomish County, Washington",47.820991,-121.452252,1,58087.223227370836,0.0,10136.88,0.0,0.0
PV Modules Materials,"Snohomish County, Washington",47.820991,-121.452252,2,57038.004841761554,0.0,10133.01,0.0,0.0
PV Modules Materials,"Snohomish County, Washington",47.820991,-121.452252,3,2933.4079989555057,0.0,10106.2,0.0,0.0
PV Modules Materials,"Snohomish County, Washington",47.820991,-121.452252,4,2905.178279979524,0.0,10103.47,0.0,0.0
PV Modules Materials,"Snohomish County, Washington",47.820991,-121.452252,5,5974.783696118122,0.0,10196.3,0.0,0.0
PV Modules Materials,"Snohomish County, Washington",47.820991,-121.452252,6,5903.128252905593,0.0,10188.77,0.0,0.0
PV Modules Materials,"Snohomish County, Washington",47.820991,-121.452252,7,4686.030877725319,0.0,9984.34,0.0,0.0
PV Modules Materials,"Snohomish County, Washington",47.820991,-121.452252,8,4644.519060306999,0.0,9984.25,0.0,0.0
PV Modules Materials,"Snohomish County, Washington",47.820991,-121.452252,9,19546.23267033215,0.0,10218.67,0.0,0.0
PV Modules Materials,"Snohomish County, Washington",47.820991,-121.452252,10,19449.939333803697,0.0,10218.67,0.0,0.0
PV Modules Materials,"Snohomish County, Washington",47.820991,-121.452252,11,2425.3154725243544,0.0,10174.26,0.0,0.0
PV Modules Materials,"Snohomish County, Washington",47.820991,-121.452252,12,2415.777078660807,0.0,10174.25,0.0,0.0
PV Modules Materials,"Snohomish County, Washington",47.820991,-121.452252,13,1980.9517482585397,0.0,9984.4,0.0,0.0
PV Modules Materials,"Snohomish County, Washington",47.820991,-121.452252,14,1974.0021710303254,0.0,9984.4,0.0,0.0
PV Modules Materials,"Snohomish County, Washington",47.820991,-121.452252,15,2254.713832356043,0.0,9585.26,0.0,0.0
PV Modules Materials,"Snohomish County, Washington",47.820991,-121.452252,16,2247.5746484650613,0.0,9585.26,0.0,0.0
PV Modules Materials,"Snohomish County, Washington",47.820991,-121.452252,17,2470.832018747,0.0,9952.0,0.0,0.0
PV Modules Materials,"Snohomish County, Washington",47.820991,-121.452252,18,2463.703187469406,0.0,9951.85,0.0,0.0
PV Modules Materials,"Snohomish County, Washington",47.820991,-121.452252,19,2277.5921514622337,0.0,9969.17,0.0,0.0
PV Modules Materials,"Snohomish County, Washington",47.820991,-121.452252,20,2271.556731756112,0.0,9969.17,0.0,0.0
PV Modules Materials,"Snohomish County, Washington",47.820991,-121.452252,21,861.5951813280442,0.0,10100.87,0.0,0.0
PV Modules Materials,"Snohomish County, Washington",47.820991,-121.452252,22,859.4841741829212,0.0,10100.87,0.0,0.0
PV Modules Materials,"Snohomish County, Washington",47.820991,-121.452252,23,2912.139955540803,0.0,9955.19,0.0,0.0
PV Modules Materials,"Snohomish County, Washington",47.820991,-121.452252,24,2905.5051204408023,0.0,9955.19,0.0,0.0
PV Modules Materials,"Snohomish County, Washington",47.820991,-121.452252,25,3653.2425109632027,0.0,10138.62,0.0,0.0
PV Modules Materials,"Snohomish County, Washington",47.820991,-121.452252,26,3645.464506708039,0.0,10138.62,0.0,0.0
PV Modules Materials,"Clark County, Nevada",36.232842,-115.017404,1,18114.52349453505,0.0,10089.65,0.0,0.0
PV Modules Materials,"Clark County, Nevada",36.232842,-115.017404,2,17787.324326783113,0.0,10085.23,0.0,0.0
PV Modules Materials,"Clark County, Nevada",36.232842,-115.017404,3,7695.710295991797,0.0,10053.3,0.0,0.0
PV Modules Materials,"Clark County, Nevada",36.232842,-115.017404,4,7621.65045192859,0.0,10050.58,0.0,0.0
PV Modules Materials,"Clark County, Nevada",36.232842,-115.017404,5,17722.868004362674,0.0,10130.08,0.0,0.0
PV Modules Materials,"Clark County, Nevada",36.232842,-115.017404,6,17510.318056709362,0.0,10125.62,0.0,0.0
PV Modules Materials,"Clark County, Nevada",36.232842,-115.017404,7,10255.15490065653,0.0,9925.39,0.0,0.0
PV Modules Materials,"Clark County, Nevada",36.232842,-115.017404,8,10164.308269692954,0.0,9925.36,0.0,0.0
PV Modules Materials,"Clark County, Nevada",36.232842,-115.017404,9,117787.96377193544,0.0,10159.33,0.0,0.0
PV Modules Materials,"Clark County, Nevada",36.232842,-115.017404,10,117207.68847153404,0.0,10159.33,0.0,0.0
PV Modules Materials,"Clark County, Nevada",36.232842,-115.017404,11,37699.52305116839,0.0,10116.76,0.0,0.0
PV Modules Materials,"Clark County, Nevada",36.232842,-115.017404,12,37551.256607728916,0.0,10116.76,0.0,0.0
PV Modules Materials,"Clark County, Nevada",36.232842,-115.017404,13,1601.9438143230384,0.0,9925.86,0.0,0.0
PV Modules Materials,"Clark County, Nevada",36.232842,-115.017404,14,1596.3238731696583,0.0,9925.86,0.0,0.0
PV Modules Materials,"Clark County, Nevada",36.232842,-115.017404,15,1314.9411537152214,0.0,9542.58,0.0,0.0
PV Modules Materials,"Clark County, Nevada",36.232842,-115.017404,16,1310.7776068528758,0.0,9542.58,0.0,0.0
PV Modules Materials,"Clark County, Nevada",36.232842,-115.017404,17,2698.2832519437015,0.0,9882.68,0.0,0.0
PV Modules Materials,"Clark County, Nevada",36.232842,-115.017404,18,2690.4981795890003,0.0,9882.52,0.0,0.0
PV Modules Materials,"Clark County, Nevada",36.232842,-115.017404,19,1073.0960493387097,0.0,9869.66,0.0,0.0
PV Modules Materials,"Clark County, Nevada",36.232842,-115.017404,20,1070.2524388008958,0.0,9869.66,0.0,0.0
PV Modules Materials,"Clark County, Nevada",36.232842,-115.017404,21,475.19046549836287,0.0,10052.05,0.0,0.0
PV Modules Materials,"Clark County, Nevada",36.232842,-115.017404,22,474.0261942841076,0.0,10052.05,0.0,0.0
PV Modules Materials,"Clark County, Nevada",36.232842,-115.017404,23,20124.437061377877,0.0,9858.63,0.0,0.0
PV Modules Materials,"Clark County, Nevada",36.232842,-115.017404,24,20078.58681948668,0.0,9858.63,0.0,0.0
PV Modules Materials,"Clark County, Nevada",36.232842,-115.017404,25,33530.239562183364,0.0,10022.36,0.0,0.0
PV Modules Materials,"Clark County, Nevada",36.232842,-115.017404,26,33458.851378889034,0.0,10022.36,0.0,0.0
PV Modules Materials,"Rusk County, Wisconsin",45.467917,-91.396241,1,505.71566555833704,0.0,9923.06,0.0,0.0
PV Modules Materials,"Rusk County, Wisconsin",45.467917,-91.396241,2,496.5810203693686,0.0,9919.21,0.0,0.0
PV Modules Materials,"Rusk County, Wisconsin",45.467917,-91.396241,3,795.0366122135542,0.0,9910.6,0.0,0.0
PV Modules Materials,"Rusk County, Wisconsin",45.467917,-91.396241,4,787.3855591904506,0.0,9907.87,0.0,0.0
PV Modules Materials,"Rusk County, Wisconsin",45.467917,-91.396241,5,1288.0379774815415,0.0,9994.87,0.0,0.0
PV Modules Materials,"Rusk County, Wisconsin",45.467917,-91.396241,6,1272.590567693138,0.0,9985.91,0.0,0.0
PV Modules Materials,"Rusk County, Wisconsin",45.467917,-91.396241,7,1642.7910046543616,0.0,9777.1,0.0,0.0
PV Modules Materials,"Rusk County, Wisconsin",45.467917,-91.396241,8,1628.2381256782896,0.0,9776.3,0.0,0.0
PV Modules Materials,"Rusk County, Wisconsin",45.467917,-91.396241,9,1925.59722884886,0.0,10023.91,0.0,0.0
PV Modules Materials,"Rusk County, Wisconsin",45.467917,-91.396241,10,1916.1108902227345,0.0,10023.83,0.0,0.0
PV Modules Materials,"Rusk County, Wisconsin",45.467917,-91.396241,11,2053.2767883895503,0.0,9969.41,0.0,0.0
PV Modules Materials,"Rusk County, Wisconsin",45.467917,-91.396241,12,2045.2015656235187,0.0,9969.41,0.0,0.0
PV Modules Materials,"Rusk County, Wisconsin",45.467917,-91.396241,13,2053.2306663482805,0.0,9781.06,0.0,0.0
PV Modules Materials,"Rusk County, Wisconsin",45.467917,-91.396241,14,2046.0275201355216,0.0,9781.06,0.0,0.0
PV Modules Materials,"Rusk County, Wisconsin",45.467917,-91.396241,15,424.00699630124774,0.0,9371.18,0.0,0.0
PV Modules Materials,"Rusk County, Wisconsin",45.467917,-91.396241,16,422.664447249471,0.0,9371.18,0.0,0.0
PV Modules Materials,"Rusk County, Wisconsin",45.467917,-91.396241,17,437.46459960852667,0.0,9758.98,0.0,0.0
PV Modules Materials,"Rusk County, Wisconsin",45.467917,-91.396241,18,436.2024290939523,0.0,9758.82,0.0,0.0
PV Modules Materials,"Rusk County, Wisconsin",45.467917,-91.396241,19,367.54000774622483,0.0,9776.61,0.0,0.0
PV Modules Materials,"Rusk County, Wisconsin",45.467917,-91.396241,20,366.566058918681,0.0,9776.61,0.0,0.0
PV Modules Materials,"Rusk County, Wisconsin",45.467917,-91.396241,21,415.0243666004121,0.0,9901.69,0.0,0.0
PV Modules Materials,"Rusk County, Wisconsin",45.467917,-91.396241,22,414.00750923830014,0.0,9901.44,0.0,0.0
PV Modules Materials,"Rusk County, Wisconsin",45.467917,-91.396241,23,481.0778746820626,0.0,9779.03,0.0,0.0
PV Modules Materials,"Rusk County, Wisconsin",45.467917,-91.396241,24,479.9818173436437,0.0,9779.03,0.0,0.0
PV Modules Materials,"Rusk County, Wisconsin",45.467917,-91.396241,25,295295.72695833805,0.0,9939.34,0.0,0.0
PV Modules Materials,"Rusk County, Wisconsin",45.467917,-91.396241,26,294667.02207112603,0.0,9939.34,0.0,0.0
PV Modules Materials,"St. Landry Parish, Louisiana",30.84055,-92.011502,1,13681.126440724507,0.0,9896.13,0.0,0.0
PV Modules Materials,"St. Landry Parish, Louisiana",30.84055,-92.011502,2,13434.006874666662,0.0,9891.58,0.0,0.0
PV Modules Materials,"St. Landry Parish, Louisiana",30.84055,-92.011502,3,7227.377047544403,0.0,9865.78,0.0,0.0
PV Modules Materials,"St. Landry Parish, Louisiana",30.84055,-92.011502,4,7157.824219210167,0.0,9862.98,0.0,0.0
PV Modules Materials,"St. Landry Parish, Louisiana",30.84055,-92.011502,5,13394.50608543539,0.0,9949.82,0.0,0.0
PV Modules Materials,"St. Landry Parish, Louisiana",30.84055,-92.011502,6,13233.866082553215,0.0,9947.35,0.0,0.0
PV Modules Materials,"St. Landry Parish, Louisiana",30.84055,-92.011502,7,6227.341321964306,0.0,9751.52,0.0,0.0
PV Modules Materials,"St. Landry Parish, Louisiana",30.84055,-92.011502,8,6172.175604387043,0.0,9751.52,0.0,0.0
PV Modules Materials,"St. Landry Parish, Louisiana",30.84055,-92.011502,9,4448.3527218688805,0.0,9975.97,0.0,0.0
PV Modules Materials,"St. Landry Parish, Louisiana",30.84055,-92.011502,10,4426.4381804394025,0.0,9975.0,0.0,0.0
PV Modules Materials,"St. Landry Parish, Louisiana",30.84055,-92.011502,11,7411.562085010093,0.0,9966.39,0.0,0.0
PV Modules Materials,"St. Landry Parish, Louisiana",30.84055,-92.011502,12,7382.413547794284,0.0,9966.39,0.0,0.0
PV Modules Materials,"St. Landry Parish, Louisiana",30.84055,-92.011502,13,3082.2092673637612,0.0,9751.99,0.0,0.0
PV Modules Materials,"St. Landry Parish, Louisiana",30.84055,-92.011502,14,3071.3962572256337,0.0,9751.99,0.0,0.0
PV Modules Materials,"St. Landry Parish, Louisiana",30.84055,-92.011502,15,4958.862485987628,0.0,9336.3,0.0,0.0
PV Modules Materials,"St. Landry Parish, Louisiana",30.84055,-92.011502,16,4943.161056090174,0.0,9336.3,0.0,0.0
PV Modules Materials,"St. Landry Parish, Louisiana",30.84055,-92.011502,17,3668.195845260616,0.0,9713.01,0.0,0.0
PV Modules Materials,"St. Landry Parish, Louisiana",30.84055,-92.011502,18,3657.6123862979584,0.0,9712.86,0.0,0.0
PV Modules Materials,"St. Landry Parish, Louisiana",30.84055,-92.011502,19,9174.51130866181,0.0,9744.28,0.0,0.0
PV Modules Materials,"St. Landry Parish, Louisiana",30.84055,-92.011502,20,9150.199657293153,0.0,9744.28,0.0,0.0
PV Modules Materials,"St. Landry Parish, Louisiana",30.84055,-92.011502,21,6831.976922913012,0.0,9859.07,0.0,0.0
PV Modules Materials,"St. Landry Parish, Louisiana",30.84055,-92.011502,22,6815.237794825788,0.0,9859.07,0.0,0.0
PV Modules Materials,"St. Landry Parish, Louisiana",30.84055,-92.011502,23,116584.87532123733,0.0,9742.49,0.0,0.0
PV Modules Materials,"St. Landry Parish, Louisiana",30.84055,-92.011502,24,116319.25573058588,0.0,9742.49,0.0,0.0
PV Modules Materials,"St. Landry Parish, Louisiana",30.84055,-92.011502,25,882.9480073597211,0.0,9853.0,0.0,0.0
PV Modules Materials,"St. Landry Parish, Louisiana",30.84055,-92.011502,26,881.0681504003974,0.0,9853.0,0.0,0.0
PV Modules Materials,"Rutherford County, Tennessee",35.84707,-86.388408,1,92701.6358251419,0.0,9843.88,0.0,0.0
PV Modules Materials,"Rutherford County, Tennessee",35.84707,-86.388408,2,91027.18393572947,0.0,9839.33,0.0,0.0
PV Modules Materials,"Rutherford County, Tennessee",35.84707,-86.388408,3,3400.97405849782,0.0,9809.54,0.0,0.0
PV Modules Materials,"Rutherford County, Tennessee",35.84707,-86.388408,4,3368.2447068528454,0.0,9807.5,0.0,0.0
PV Modules Materials,"Rutherford County, Tennessee",35.84707,-86.388408,5,5589.723131016142,0.0,9903.03,0.0,0.0
PV Modules Materials,"Rutherford County, Tennessee",35.84707,-86.388408,6,5522.685710289344,0.0,9894.21,0.0,0.0
PV Modules Materials,"Rutherford County, Tennessee",35.84707,-86.388408,7,5228.758984136792,0.0,9701.79,0.0,0.0
PV Modules Materials,"Rutherford County, Tennessee",35.84707,-86.388408,8,5182.439338804183,0.0,9700.01,0.0,0.0
PV Modules Materials,"Rutherford County, Tennessee",35.84707,-86.388408,9,4957.136997733699,0.0,9926.41,0.0,0.0
PV Modules Materials,"Rutherford County, Tennessee",35.84707,-86.388408,10,4932.715961251054,0.0,9926.41,0.0,0.0
PV Modules Materials,"Rutherford County, Tennessee",35.84707,-86.388408,11,20140.39168796756,0.0,9897.77,0.0,0.0
PV Modules Materials,"Rutherford County, Tennessee",35.84707,-86.388408,12,20061.18261572015,0.0,9897.77,0.0,0.0
PV Modules Materials,"Rutherford County, Tennessee",35.84707,-86.388408,13,5084.536659186252,0.0,9706.4,0.0,0.0
PV Modules Materials,"Rutherford County, Tennessee",35.84707,-86.388408,14,5066.699081762285,0.0,9706.4,0.0,0.0
PV Modules Materials,"Rutherford County, Tennessee",35.84707,-86.388408,15,5419.538329029232,0.0,9303.94,0.0,0.0
PV Modules Materials,"Rutherford County, Tennessee",35.84707,-86.388408,16,5402.3782441528565,0.0,9303.94,0.0,0.0
PV Modules Materials,"Rutherford County, Tennessee",35.84707,-86.388408,17,212303.4331771667,0.0,9701.14,0.0,0.0
PV Modules Materials,"Rutherford County, Tennessee",35.84707,-86.388408,18,211690.89645136317,0.0,9700.98,0.0,0.0
PV Modules Materials,"Rutherford County, Tennessee",35.84707,-86.388408,19,111967.16807772483,0.0,9701.33,0.0,0.0
PV Modules Materials,"Rutherford County, Tennessee",35.84707,-86.388408,20,111670.46488957014,0.0,9701.33,0.0,0.0
PV Modules Materials,"Rutherford County, Tennessee",35.84707,-86.388408,21,658084.5786632955,0.0,9830.83,0.0,0.0
PV Modules Materials,"Rutherford County, Tennessee",35.84707,-86.388408,22,656472.1958671055,0.0,9830.59,0.0,0.0
PV Modules Materials,"Rutherford County, Tennessee",35.84707,-86.388408,23,347264.36229889933,0.0,9704.94,0.0,0.0
PV Modules Materials,"Rutherford County, Tennessee",35.84707,-86.388408,24,346473.17718584323,0.0,9704.94,0.0,0.0
PV Modules Materials,"Rutherford County, Tennessee",35.84707,-86.388408,25,9417.205163727987,0.0,9838.36,0.0,0.0
PV Modules Materials,"Rutherford County, Tennessee",35.84707,-86.388408,26,9397.155287045722,0.0,9838.36,0.0,0.0
PV Modules Materials,"Trigg County, Kentucky",36.88034,-87.702884,1,148686.9113179298,0.0,9858.28,0.0,0.0
PV Modules Materials,"Trigg County, Kentucky",36.88034,-87.702884,2,146001.20812217577,0.0,9853.86,0.0,0.0
PV Modules Materials,"Trigg County, Kentucky",36.88034,-87.702884,3,6.941958023877322,0.0,9822.62,0.0,0.0
PV Modules Materials,"Trigg County, Kentucky",36.88034,-87.702884,4,6.875151932045948,0.0,9819.9,0.0,0.0
PV Modules Materials,"Trigg County, Kentucky",36.88034,-87.702884,5,61.027589425088884,0.0,9913.89,0.0,0.0
PV Modules Materials,"Trigg County, Kentucky",36.88034,-87.702884,6,60.295686951148575,0.0,9905.71,0.0,0.0
PV Modules Materials,"Trigg County, Kentucky",36.88034,-87.702884,7,81.69422026676425,0.0,9702.9,0.0,0.0
PV Modules Materials,"Trigg County, Kentucky",36.88034,-87.702884,8,80.970521331709,0.0,9702.86,0.0,0.0
PV Modules Materials,"Trigg County, Kentucky",36.88034,-87.702884,9,120.56920204274704,0.0,9934.09,0.0,0.0
PV Modules Materials,"Trigg County, Kentucky",36.88034,-87.702884,10,119.97522513972513,0.0,9934.09,0.0,0.0
PV Modules Materials,"Trigg County, Kentucky",36.88034,-87.702884,11,168.6001023547997,0.0,9897.38,0.0,0.0
PV Modules Materials,"Trigg County, Kentucky",36.88034,-87.702884,12,167.937024004823,0.0,9897.38,0.0,0.0
PV Modules Materials,"Trigg County, Kentucky",36.88034,-87.702884,13,412077.9123781846,0.0,9712.51,0.0,0.0
PV Modules Materials,"Trigg County, Kentucky",36.88034,-87.702884,14,410632.2601664985,0.0,9712.51,0.0,0.0
PV Modules Materials,"Trigg County, Kentucky",36.88034,-87.702884,15,59385.4917587573,0.0,9313.92,0.0,0.0
PV Modules Materials,"Trigg County, Kentucky",36.88034,-87.702884,16,59197.4572773796,0.0,9313.92,0.0,0.0
PV Modules Materials,"Trigg County, Kentucky",36.88034,-87.702884,17,65536.55457015289,0.0,9695.0,0.0,0.0
PV Modules Materials,"Trigg County, Kentucky",36.88034,-87.702884,18,65347.46885469323,0.0,9695.0,0.0,0.0
PV Modules Materials,"Trigg County, Kentucky",36.88034,-87.702884,19,45967.32311157925,0.0,9695.0,0.0,0.0
PV Modules Materials,"Trigg County, Kentucky",36.88034,-87.702884,20,45845.513731630694,0.0,9695.0,0.0,0.0
PV Modules Materials,"Trigg County, Kentucky",36.88034,-87.702884,21,37110.24551936807,0.0,9820.9,0.0,0.0
PV Modules Materials,"Trigg County, Kentucky",36.88034,-87.702884,22,37019.32115587767,0.0,9820.65,0.0,0.0
PV Modules Materials,"Trigg County, Kentucky",36.88034,-87.702884,23,686.3299030569201,0.0,9695.0,0.0,0.0
PV Modules Materials,"Trigg County, Kentucky",36.88034,-87.702884,24,684.7662125061562,0.0,9695.0,0.0,0.0
PV Modules Materials,"Trigg County, Kentucky",36.88034,-87.702884,25,1395.0521555374241,0.0,9853.81,0.0,0.0
PV Modules Materials,"Trigg County, Kentucky",36.88034,-87.702884,26,1392.0819936690618,0.0,9853.81,0.0,0.0
PV Modules Materials,"Wasco County, Oregon",44.877426,-120.859364,1,10644.285680983201,0.0,10132.37,0.0,0.0
PV Modules Materials,"Wasco County, Oregon",44.877426,-120.859364,2,10452.019987812617,0.0,10128.36,0.0,0.0
PV Modules Materials,"Wasco County, Oregon",44.877426,-120.859364,3,3115.2408539592393,0.0,10097.93,0.0,0.0
PV Modules Materials,"Wasco County, Oregon",44.877426,-120.859364,4,3085.261262343931,0.0,10095.21,0.0,0.0
PV Modules Materials,"Wasco County, Oregon",44.877426,-120.859364,5,4615.59385143235,0.0,10186.55,0.0,0.0
PV Modules Materials,"Wasco County, Oregon",44.877426,-120.859364,6,4560.239140712314,0.0,10179.61,0.0,0.0
PV Modules Materials,"Wasco County, Oregon",44.877426,-120.859364,7,5373.70382399002,0.0,9976.58,0.0,0.0
PV Modules Materials,"Wasco County, Oregon",44.877426,-120.859364,8,5326.1001658361765,0.0,9976.48,0.0,0.0
PV Modules Materials,"Wasco County, Oregon",44.877426,-120.859364,9,17795.707870355258,0.0,10210.37,0.0,0.0
PV Modules Materials,"Wasco County, Oregon",44.877426,-120.859364,10,17708.038388689714,0.0,10210.37,0.0,0.0
PV Modules Materials,"Wasco County, Oregon",44.877426,-120.859364,11,49510.656856868736,0.0,10167.59,0.0,0.0
PV Modules Materials,"Wasco County, Oregon",44.877426,-120.859364,12,49315.939035251824,0.0,10167.59,0.0,0.0
PV Modules Materials,"Wasco County, Oregon",44.877426,-120.859364,13,2320.4926612843706,0.0,9977.37,0.0,0.0
PV Modules Materials,"Wasco County, Oregon",44.877426,-120.859364,14,2312.351906229999,0.0,9977.37,0.0,0.0
PV Modules Materials,"Wasco County, Oregon",44.877426,-120.859364,15,2362.4939381654563,0.0,9581.29,0.0,0.0
PV Modules Materials,"Wasco County, Oregon",44.877426,-120.859364,16,2355.0134861347574,0.0,9581.29,0.0,0.0
PV Modules Materials,"Wasco County, Oregon",44.877426,-120.859364,17,2343.111660555271,0.0,9938.14,0.0,0.0
PV Modules Materials,"Wasco County, Oregon",44.877426,-120.859364,18,2336.351327369557,0.0,9937.98,0.0,0.0
PV Modules Materials,"Wasco County, Oregon",44.877426,-120.859364,19,2417.0110750483077,0.0,9957.48,0.0,0.0
PV Modules Materials,"Wasco County, Oregon",44.877426,-120.859364,20,2410.606207406445,0.0,9957.48,0.0,0.0
PV Modules Materials,"Wasco County, Oregon",44.877426,-120.859364,21,1816.638190255474,0.0,10093.11,0.0,0.0
PV Modules Materials,"Wasco County, Oregon",44.877426,-120.859364,22,1812.187218055488,0.0,10093.11,0.0,0.0
PV Modules Materials,"Wasco County, Oregon",44.877426,-120.859364,23,2620.8486405823855,0.0,9941.33,0.0,0.0
PV Modules Materials,"Wasco County, Oregon",44.877426,-120.859364,24,2614.8774651520157,0.0,9941.33,0.0,0.0
PV Modules Materials,"Wasco County, Oregon",44.877426,-120.859364,25,2110.745771388149,0.0,10114.51,0.0,0.0
PV Modules Materials,"Wasco County, Oregon",44.877426,-120.859364,26,2106.251848649059,0.0,10114.51,0.0,0.0
PV Modules Materials,"McPherson County, Kansas",38.391971,-97.488848,1,124315.4270241771,0.0,9941.7,0.0,0.0
PV Modules Materials,"McPherson County, Kansas",38.391971,-97.488848,2,122069.94128046928,0.0,9937.29,0.0,0.0
PV Modules Materials,"McPherson County, Kansas",38.391971,-97.488848,3,1736.625057076799,0.0,9905.62,0.0,0.0
PV Modules Materials,"McPherson County, Kansas",38.391971,-97.488848,4,1719.9126061168986,0.0,9902.89,0.0,0.0
PV Modules Materials,"McPherson County, Kansas",38.391971,-97.488848,5,3049.9423104739894,0.0,9990.87,0.0,0.0
PV Modules Materials,"McPherson County, Kansas",38.391971,-97.488848,6,3013.3644226131037,0.0,9984.86,0.0,0.0
PV Modules Materials,"McPherson County, Kansas",38.391971,-97.488848,7,2889.2513323068542,0.0,9785.52,0.0,0.0
PV Modules Materials,"McPherson County, Kansas",38.391971,-97.488848,8,2863.6565214931925,0.0,9785.49,0.0,0.0
PV Modules Materials,"McPherson County, Kansas",38.391971,-97.488848,9,2502.7903412213104,0.0,10016.94,0.0,0.0
PV Modules Materials,"McPherson County, Kansas",38.391971,-97.488848,10,2490.46049553431,0.0,10016.94,0.0,0.0
PV Modules Materials,"McPherson County, Kansas",38.391971,-97.488848,11,2597.072958876345,0.0,9977.1,0.0,0.0
PV Modules Materials,"McPherson County, Kansas",38.391971,-97.488848,12,2586.859069155704,0.0,9977.1,0.0,0.0
PV Modules Materials,"McPherson County, Kansas",38.391971,-97.488848,13,2662.55611861694,0.0,9785.67,0.0,0.0
PV Modules Materials,"McPherson County, Kansas",38.391971,-97.488848,14,2653.2153361435408,0.0,9785.67,0.0,0.0
PV Modules Materials,"McPherson County, Kansas",38.391971,-97.488848,15,2675.1641441693077,0.0,9397.23,0.0,0.0
PV Modules Materials,"McPherson County, Kansas",38.391971,-97.488848,16,2666.6936728883343,0.0,9397.23,0.0,0.0
PV Modules Materials,"McPherson County, Kansas",38.391971,-97.488848,17,2957.180211173527,0.0,9742.23,0.0,0.0
PV Modules Materials,"McPherson County, Kansas",38.391971,-97.488848,18,2948.6481707017574,0.0,9742.08,0.0,0.0
PV Modules Materials,"McPherson County, Kansas",38.391971,-97.488848,19,2796.006599864911,0.0,9761.58,0.0,0.0
PV Modules Materials,"McPherson County, Kansas",38.391971,-97.488848,20,2788.5974272786616,0.0,9761.58,0.0,0.0
PV Modules Materials,"McPherson County, Kansas",38.391971,-97.488848,21,3595.3585569333127,0.0,9902.41,0.0,0.0
PV Modules Materials,"McPherson County, Kansas",38.391971,-97.488848,22,3586.5495155558224,0.0,9902.41,0.0,0.0
PV Modules Materials,"McPherson County, Kansas",38.391971,-97.488848,23,7605.0777955328285,0.0,9745.43,0.0,0.0
PV Modules Materials,"McPherson County, Kansas",38.391971,-97.488848,24,7587.750868301867,0.0,9745.43,0.0,0.0
PV Modules Materials,"McPherson County, Kansas",38.391971,-97.488848,25,5784.029038365974,0.0,9931.22,0.0,0.0
PV Modules Materials,"McPherson County, Kansas",38.391971,-97.488848,26,5771.714443225523,0.0,9931.22,0.0,0.0
PV Modules Materials,"Dade County, Missouri",37.396488,-93.630675,1,2396.1767595801807,0.0,9907.62,0.0,0.0
PV Modules Materials,"Dade County, Missouri",37.396488,-93.630675,2,2352.895077798282,0.0,9903.2,0.0,0.0
PV Modules Materials,"Dade County, Missouri",37.396488,-93.630675,3,37726.74626193513,0.0,9871.96,0.0,0.0
PV Modules Materials,"Dade County, Missouri",37.396488,-93.630675,4,37363.68205633135,0.0,9869.24,0.0,0.0
PV Modules Materials,"Dade County, Missouri",37.396488,-93.630675,5,32944.3602253827,0.0,9957.2,0.0,0.0
PV Modules Materials,"Dade County, Missouri",37.396488,-93.630675,6,32549.25927221568,0.0,9950.58,0.0,0.0
PV Modules Materials,"Dade County, Missouri",37.396488,-93.630675,7,34467.77867954796,0.0,9752.39,0.0,0.0
PV Modules Materials,"Dade County, Missouri",37.396488,-93.630675,8,34162.44135405963,0.0,9752.36,0.0,0.0
PV Modules Materials,"Dade County, Missouri",37.396488,-93.630675,9,34852.3240767887,0.0,9983.29,0.0,0.0
PV Modules Materials,"Dade County, Missouri",37.396488,-93.630675,10,34680.62620396951,0.0,9983.29,0.0,0.0
PV Modules Materials,"Dade County, Missouri",37.396488,-93.630675,11,17185.359787949994,0.0,9944.82,0.0,0.0
PV Modules Materials,"Dade County, Missouri",37.396488,-93.630675,12,17117.77240305049,0.0,9944.82,0.0,0.0
PV Modules Materials,"Dade County, Missouri",37.396488,-93.630675,13,1961.7294052460609,0.0,9752.01,0.0,0.0
PV Modules Materials,"Dade County, Missouri",37.396488,-93.630675,14,1954.8472638639691,0.0,9752.01,0.0,0.0
PV Modules Materials,"Dade County, Missouri",37.396488,-93.630675,15,1186.4765947531437,0.0,9364.49,0.0,0.0
PV Modules Materials,"Dade County, Missouri",37.396488,-93.630675,16,1182.7198099804002,0.0,9364.49,0.0,0.0
PV Modules Materials,"Dade County, Missouri",37.396488,-93.630675,17,1323.5739786872073,0.0,9729.19,0.0,0.0
PV Modules Materials,"Dade County, Missouri",37.396488,-93.630675,18,1319.7552101485594,0.0,9729.04,0.0,0.0
PV Modules Materials,"Dade County, Missouri",37.396488,-93.630675,19,4858.094690883416,0.0,9732.37,0.0,0.0
PV Modules Materials,"Dade County, Missouri",37.396488,-93.630675,20,4845.22116547513,0.0,9732.37,0.0,0.0
PV Modules Materials,"Dade County, Missouri",37.396488,-93.630675,21,878.5339106292347,0.0,9869.53,0.0,0.0
PV Modules Materials,"Dade County, Missouri",37.396488,-93.630675,22,876.3814016519761,0.0,9869.53,0.0,0.0
PV Modules Materials,"Dade County, Missouri",37.396488,-93.630675,23,125735.84231459073,0.0,9732.38,0.0,0.0
PV Modules Materials,"Dade County, Missouri",37.396488,-93.630675,24,125449.37374074016,0.0,9732.38,0.0,0.0
PV Modules Materials,"Dade County, Missouri",37.396488,-93.630675,25,1830.2521888487802,0.0,9897.55,0.0,0.0
PV Modules Materials,"Dade County, Missouri",37.396488,-93.630675,26,1826.3554562146433,0.0,9897.55,0.0,0.0
PV Modules Materials,"Harney County, Oregon",43.198601,-118.790355,1,11713.338653561761,0.0,10116.66,0.0,0.0
PV Modules Materials,"Harney County, Oregon",43.198601,-118.790355,2,11501.76286134187,0.0,10112.42,0.0,0.0
PV Modules Materials,"Harney County, Oregon",43.198601,-118.790355,3,967.718495824072,0.0,10081.18,0.0,0.0
PV Modules Materials,"Harney County, Oregon",43.198601,-118.790355,4,958.4056347441608,0.0,10078.45,0.0,0.0
PV Modules Materials,"Harney County, Oregon",43.198601,-118.790355,5,49549.543027295666,0.0,10168.93,0.0,0.0
PV Modules Materials,"Harney County, Oregon",43.198601,-118.790355,6,48955.29649935762,0.0,10162.31,0.0,0.0
PV Modules Materials,"Harney County, Oregon",43.198601,-118.790355,7,10763.610952524978,0.0,9960.04,0.0,0.0
PV Modules Materials,"Harney County, Oregon",43.198601,-118.790355,8,10668.260097124738,0.0,9959.95,0.0,0.0
PV Modules Materials,"Harney County, Oregon",43.198601,-118.790355,9,82.52174425044113,0.0,10193.54,0.0,0.0
PV Modules Materials,"Harney County, Oregon",43.198601,-118.790355,10,82.11520585380758,0.0,10193.54,0.0,0.0
PV Modules Materials,"Harney County, Oregon",43.198601,-118.790355,11,93.08996545856797,0.0,10151.11,0.0,0.0
PV Modules Materials,"Harney County, Oregon",43.198601,-118.790355,12,92.72385689852834,0.0,10151.11,0.0,0.0
PV Modules Materials,"Harney County, Oregon",43.198601,-118.790355,13,95.69918893735394,0.0,9960.81,0.0,0.0
PV Modules Materials,"Harney County, Oregon",43.198601,-118.790355,14,95.36345693137127,0.0,9960.81,0.0,0.0
PV Modules Materials,"Harney County, Oregon",43.198601,-118.790355,15,100.06081838554228,0.0,9566.68,0.0,0.0
PV Modules Materials,"Harney County, Oregon",43.198601,-118.790355,16,99.74399211141147,0.0,9566.68,0.0,0.0
PV Modules Materials,"Harney County, Oregon",43.198601,-118.790355,17,104.07719131764696,0.0,9918.53,0.0,0.0
PV Modules Materials,"Harney County, Oregon",43.198601,-118.790355,18,103.77690836392131,0.0,9918.38,0.0,0.0
PV Modules Materials,"Harney County, Oregon",43.198601,-118.790355,19,77243.42486122446,0.0,9937.87,0.0,0.0
PV Modules Materials,"Harney County, Oregon",43.198601,-118.790355,20,77038.73655112625,0.0,9937.87,0.0,0.0
PV Modules Materials,"Harney County, Oregon",43.198601,-118.790355,21,90.49521812954077,0.0,10076.63,0.0,0.0
PV Modules Materials,"Harney County, Oregon",43.198601,-118.790355,22,90.27349445209815,0.0,10076.63,0.0,0.0
PV Modules Materials,"Harney County, Oregon",43.198601,-118.790355,23,1877.7090675058018,0.0,9921.72,0.0,0.0
PV Modules Materials,"Harney County, Oregon",43.198601,-118.790355,24,1873.4310141777087,0.0,9921.72,0.0,0.0
PV Modules Materials,"Harney County, Oregon",43.198601,-118.790355,25,437.56077278496883,0.0,10090.57,0.0,0.0
PV Modules Materials,"Harney County, Oregon",43.198601,-118.790355,26,436.62917584269064,0.0,10090.57,0.0,0.0
PV Modules Materials,"Macoupin County, Illinois",39.336765,-89.783631,1,337.82979992464954,0.0,9882.98,0.0,0.0
PV Modules Materials,"Macoupin County, Illinois",39.336765,-89.783631,2,331.7276449653707,0.0,9878.74,0.0,0.0
PV Modules Materials,"Macoupin County, Illinois",39.336765,-89.783631,3,578.6084146533459,0.0,9849.07,0.0,0.0
PV Modules Materials,"Macoupin County, Illinois",39.336765,-89.783631,4,573.0401633399867,0.0,9846.35,0.0,0.0
PV Modules Materials,"Macoupin County, Illinois",39.336765,-89.783631,5,1257.5337204484672,0.0,9938.78,0.0,0.0
PV Modules Materials,"Macoupin County, Illinois",39.336765,-89.783631,6,1242.4521475118636,0.0,9931.02,0.0,0.0
PV Modules Materials,"Macoupin County, Illinois",39.336765,-89.783631,7,1687.1359867017509,0.0,9726.45,0.0,0.0
PV Modules Materials,"Macoupin County, Illinois",39.336765,-89.783631,8,1672.1902719023142,0.0,9726.36,0.0,0.0
PV Modules Materials,"Macoupin County, Illinois",39.336765,-89.783631,9,2959.7923177687117,0.0,9961.13,0.0,0.0
PV Modules Materials,"Macoupin County, Illinois",39.336765,-89.783631,10,2945.211079403438,0.0,9961.05,0.0,0.0
PV Modules Materials,"Macoupin County, Illinois",39.336765,-89.783631,11,4935.559782809112,0.0,9917.24,0.0,0.0
PV Modules Materials,"Macoupin County, Illinois",39.336765,-89.783631,12,4916.1489829858165,0.0,9917.24,0.0,0.0
PV Modules Materials,"Macoupin County, Illinois",39.336765,-89.783631,13,2587.4092310453652,0.0,9727.39,0.0,0.0
PV Modules Materials,"Macoupin County, Illinois",39.336765,-89.783631,14,2578.3320789703835,0.0,9727.39,0.0,0.0
PV Modules Materials,"Macoupin County, Illinois",39.336765,-89.783631,15,1141.7153112711792,0.0,9334.61,0.0,0.0
PV Modules Materials,"Macoupin County, Illinois",39.336765,-89.783631,16,1138.1002558076668,0.0,9334.61,0.0,0.0
PV Modules Materials,"Macoupin County, Illinois",39.336765,-89.783631,17,782.9747370833945,0.0,9713.83,0.0,0.0
PV Modules Materials,"Macoupin County, Illinois",39.336765,-89.783631,18,780.7157025748021,0.0,9713.83,0.0,0.0
PV Modules Materials,"Macoupin County, Illinois",39.336765,-89.783631,19,1986.97307027197,0.0,9713.83,0.0,0.0
PV Modules Materials,"Macoupin County, Illinois",39.336765,-89.783631,20,1981.7077656755548,0.0,9713.83,0.0,0.0
PV Modules Materials,"Macoupin County, Illinois",39.336765,-89.783631,21,1176.0750985678728,0.0,9842.99,0.0,0.0
PV Modules Materials,"Macoupin County, Illinois",39.336765,-89.783631,22,1173.1935795087115,0.0,9842.99,0.0,0.0
PV Modules Materials,"Macoupin County, Illinois",39.336765,-89.783631,23,1208.8293732613374,0.0,9715.24,0.0,0.0
PV Modules Materials,"Macoupin County, Illinois",39.336765,-89.783631,24,1206.0752530342631,0.0,9715.24,0.0,0.0
PV Modules Materials,"Macoupin County, Illinois",39.336765,-89.783631,25,249115.58066280675,0.0,9884.69,0.0,0.0
PV Modules Materials,"Macoupin County, Illinois",39.336765,-89.783631,26,248585.1964792745,0.0,9884.69,0.0,0.0
PV Modules Materials,"Randall County, Texas",34.858701,-101.78961,1,525.00343713842,0.0,9976.06,0.0,0.0
PV Modules Materials,"Randall County, Texas",34.858701,-101.78961,2,515.520400626285,0.0,9971.24,0.0,0.0
PV Modules Materials,"Randall County, Texas",34.858701,-101.78961,3,1146.5324799697025,0.0,9942.37,0.0,0.0
PV Modules Materials,"Randall County, Texas",34.858701,-101.78961,4,1135.4987984232203,0.0,9939.64,0.0,0.0
PV Modules Materials,"Randall County, Texas",34.858701,-101.78961,5,2170.03361179792,0.0,10015.11,0.0,0.0
PV Modules Materials,"Randall County, Texas",34.858701,-101.78961,6,2144.00844868775,0.0,10010.66,0.0,0.0
PV Modules Materials,"Randall County, Texas",34.858701,-101.78961,7,2797.1706113699674,0.0,9825.7,0.0,0.0
PV Modules Materials,"Randall County, Texas",34.858701,-101.78961,8,2772.3915096660025,0.0,9825.66,0.0,0.0
PV Modules Materials,"Randall County, Texas",34.858701,-101.78961,9,3072.1525402240786,0.0,10043.35,0.0,0.0
PV Modules Materials,"Randall County, Texas",34.858701,-101.78961,10,3057.017765998682,0.0,10043.35,0.0,0.0
PV Modules Materials,"Randall County, Texas",34.858701,-101.78961,11,3051.7125899860926,0.0,10012.16,0.0,0.0
PV Modules Materials,"Randall County, Texas",34.858701,-101.78961,12,3039.71067230924,0.0,10012.16,0.0,0.0
PV Modules Materials,"Randall County, Texas",34.858701,-101.78961,13,2799.0416494446704,0.0,9821.17,0.0,0.0
PV Modules Materials,"Randall County, Texas",34.858701,-101.78961,14,2789.2220482732105,0.0,9821.17,0.0,0.0
PV Modules Materials,"Randall County, Texas",34.858701,-101.78961,15,2530.6319024661398,0.0,9430.02,0.0,0.0
PV Modules Materials,"Randall County, Texas",34.858701,-101.78961,16,2522.619068973557,0.0,9430.02,0.0,0.0
PV Modules Materials,"Randall County, Texas",34.858701,-101.78961,17,2209.8142881948875,0.0,9771.74,0.0,0.0
PV Modules Materials,"Randall County, Texas",34.858701,-101.78961,18,2203.4385438723966,0.0,9771.59,0.0,0.0
PV Modules Materials,"Randall County, Texas",34.858701,-101.78961,19,1958.7901787438577,0.0,9791.08,0.0,0.0
PV Modules Materials,"Randall County, Texas",34.858701,-101.78961,20,1953.599556341441,0.0,9791.08,0.0,0.0
PV Modules Materials,"Randall County, Texas",34.858701,-101.78961,21,2300.79013147947,0.0,9938.32,0.0,0.0
PV Modules Materials,"Randall County, Texas",34.858701,-101.78961,22,2295.152931420511,0.0,9938.32,0.0,0.0
PV Modules Materials,"Randall County, Texas",34.858701,-101.78961,23,28373.666992682345,0.0,9774.93,0.0,0.0
PV Modules Materials,"Randall County, Texas",34.858701,-101.78961,24,28309.022228161135,0.0,9774.93,0.0,0.0
PV Modules Materials,"Randall County, Texas",34.858701,-101.78961,25,2657.4658375808235,0.0,9938.32,0.0,0.0
PV Modules Materials,"Randall County, Texas",34.858701,-101.78961,26,2651.807910265398,0.0,9938.32,0.0,0.0
PV Modules Materials,"DeKalb County, Illinois",41.765808,-88.797511,1,6663.929926380271,0.0,9885.88,0.0,0.0
PV Modules Materials,"DeKalb County, Illinois",41.765808,-88.797511,2,6543.56063670358,0.0,9881.88,0.0,0.0
PV Modules Materials,"DeKalb County, Illinois",41.765808,-88.797511,3,8091.204438312527,0.0,9866.34,0.0,0.0
PV Modules Materials,"DeKalb County, Illinois",41.765808,-88.797511,4,8013.338547324264,0.0,9863.62,0.0,0.0
PV Modules Materials,"DeKalb County, Illinois",41.765808,-88.797511,5,75742.46756379194,0.0,9951.17,0.0,0.0
PV Modules Materials,"DeKalb County, Illinois",41.765808,-88.797511,6,74834.08989535514,0.0,9942.21,0.0,0.0
PV Modules Materials,"DeKalb County, Illinois",41.765808,-88.797511,7,13418.871715023819,0.0,9737.53,0.0,0.0
PV Modules Materials,"DeKalb County, Illinois",41.765808,-88.797511,8,13299.998884876291,0.0,9736.73,0.0,0.0
PV Modules Materials,"DeKalb County, Illinois",41.765808,-88.797511,9,86807.71003032295,0.0,9979.98,0.0,0.0
PV Modules Materials,"DeKalb County, Illinois",41.765808,-88.797511,10,86380.05708173702,0.0,9979.9,0.0,0.0
PV Modules Materials,"DeKalb County, Illinois",41.765808,-88.797511,11,192750.11686842144,0.0,9926.31,0.0,0.0
PV Modules Materials,"DeKalb County, Illinois",41.765808,-88.797511,12,191992.0602144464,0.0,9926.31,0.0,0.0
PV Modules Materials,"DeKalb County, Illinois",41.765808,-88.797511,13,2595.481711650884,0.0,9736.89,0.0,0.0
PV Modules Materials,"DeKalb County, Illinois",41.765808,-88.797511,14,2586.376239690048,0.0,9736.89,0.0,0.0
PV Modules Materials,"DeKalb County, Illinois",41.765808,-88.797511,15,1702.3245176890523,0.0,9334.44,0.0,0.0
PV Modules Materials,"DeKalb County, Illinois",41.765808,-88.797511,16,1696.934384538004,0.0,9334.44,0.0,0.0
PV Modules Materials,"DeKalb County, Illinois",41.765808,-88.797511,17,1561.2104032232382,0.0,9725.6,0.0,0.0
PV Modules Materials,"DeKalb County, Illinois",41.765808,-88.797511,18,1556.7060073481011,0.0,9725.45,0.0,0.0
PV Modules Materials,"DeKalb County, Illinois",41.765808,-88.797511,19,1465.838206095291,0.0,9732.67,0.0,0.0
PV Modules Materials,"DeKalb County, Illinois",41.765808,-88.797511,20,1461.9538632425233,0.0,9732.67,0.0,0.0
PV Modules Materials,"DeKalb County, Illinois",41.765808,-88.797511,21,3491.809635594574,0.0,9858.17,0.0,0.0
PV Modules Materials,"DeKalb County, Illinois",41.765808,-88.797511,22,3483.2543009665555,0.0,9857.93,0.0,0.0
PV Modules Materials,"DeKalb County, Illinois",41.765808,-88.797511,23,4141.177507905205,0.0,9735.09,0.0,0.0
PV Modules Materials,"DeKalb County, Illinois",41.765808,-88.797511,24,4131.742511543679,0.0,9735.09,0.0,0.0
PV Modules Materials,"DeKalb County, Illinois",41.765808,-88.797511,25,170723.2136457549,0.0,9895.61,0.0,0.0
PV Modules Materials,"DeKalb County, Illinois",41.765808,-88.797511,26,170359.73219654732,0.0,9895.61,0.0,0.0
PV Modules Materials,"Allegheny County, Pennsylvania",40.377315,-79.866353,1,3301.4411629912856,0.0,9818.84,0.0,0.0
PV Modules Materials,"Allegheny County, Pennsylvania",40.377315,-79.866353,2,3241.8078637086037,0.0,9814.99,0.0,0.0
PV Modules Materials,"Allegheny County, Pennsylvania",40.377315,-79.866353,3,4775.447557508767,0.0,9823.97,0.0,0.0
PV Modules Materials,"Allegheny County, Pennsylvania",40.377315,-79.866353,4,4729.490928706702,0.0,9823.97,0.0,0.0
PV Modules Materials,"Allegheny County, Pennsylvania",40.377315,-79.866353,5,7824.224918972015,0.0,9906.23,0.0,0.0
PV Modules Materials,"Allegheny County, Pennsylvania",40.377315,-79.866353,6,7730.389169783686,0.0,9896.47,0.0,0.0
PV Modules Materials,"Allegheny County, Pennsylvania",40.377315,-79.866353,7,1343.0354365228018,0.0,9673.24,0.0,0.0
PV Modules Materials,"Allegheny County, Pennsylvania",40.377315,-79.866353,8,1331.1379814521833,0.0,9672.44,0.0,0.0
PV Modules Materials,"Allegheny County, Pennsylvania",40.377315,-79.866353,9,132871.6379756997,0.0,9980.89,0.0,0.0
PV Modules Materials,"Allegheny County, Pennsylvania",40.377315,-79.866353,10,132217.05386394385,0.0,9979.33,0.0,0.0
PV Modules Materials,"Allegheny County, Pennsylvania",40.377315,-79.866353,11,1180.6823064321593,0.0,9904.51,0.0,0.0
PV Modules Materials,"Allegheny County, Pennsylvania",40.377315,-79.866353,12,1176.0388639629002,0.0,9904.51,0.0,0.0
PV Modules Materials,"Allegheny County, Pennsylvania",40.377315,-79.866353,13,1051.1111284248032,0.0,9710.32,0.0,0.0
PV Modules Materials,"Allegheny County, Pennsylvania",40.377315,-79.866353,14,1047.423619141023,0.0,9710.32,0.0,0.0
PV Modules Materials,"Allegheny County, Pennsylvania",40.377315,-79.866353,15,1408.2806528153626,0.0,9266.75,0.0,0.0
PV Modules Materials,"Allegheny County, Pennsylvania",40.377315,-79.866353,16,1403.8215616410046,0.0,9266.75,0.0,0.0
PV Modules Materials,"Allegheny County, Pennsylvania",40.377315,-79.866353,17,1254.9746710453153,0.0,9653.51,0.0,0.0
PV Modules Materials,"Allegheny County, Pennsylvania",40.377315,-79.866353,18,1251.3538248608502,0.0,9653.35,0.0,0.0
PV Modules Materials,"Allegheny County, Pennsylvania",40.377315,-79.866353,19,1084.8379596730804,0.0,9687.79,0.0,0.0
PV Modules Materials,"Allegheny County, Pennsylvania",40.377315,-79.866353,20,1081.9632341013594,0.0,9687.79,0.0,0.0
PV Modules Materials,"Allegheny County, Pennsylvania",40.377315,-79.866353,21,1941.7878514856545,0.0,9810.64,0.0,0.0
PV Modules Materials,"Allegheny County, Pennsylvania",40.377315,-79.866353,22,1937.030248242701,0.0,9810.39,0.0,0.0
PV Modules Materials,"Allegheny County, Pennsylvania",40.377315,-79.866353,23,96318.02446945265,0.0,9684.92,0.0,0.0
PV Modules Materials,"Allegheny County, Pennsylvania",40.377315,-79.866353,24,96098.57958724612,0.0,9684.59,0.0,0.0
PV Modules Materials,"Allegheny County, Pennsylvania",40.377315,-79.866353,25,5164.761953740017,0.0,9869.08,0.0,0.0
PV Modules Materials,"Allegheny County, Pennsylvania",40.377315,-79.866353,26,5153.765820761563,0.0,9868.94,0.0,0.0
PV Modules Materials,"Mercer County, North Dakota",47.15959,-102.073434,1,95.8507458775357,0.0,10001.38,0.0,0.0
PV Modules Materials,"Mercer County, North Dakota",47.15959,-102.073434,2,94.11941221650979,0.0,9997.51,0.0,0.0
PV Modules Materials,"Mercer County, North Dakota",47.15959,-102.073434,3,119280.7027601069,0.0,9976.0,0.0,0.0
PV Modules Materials,"Mercer County, North Dakota",47.15959,-102.073434,4,118132.80218869838,0.0,9973.28,0.0,0.0
PV Modules Materials,"Mercer County, North Dakota",47.15959,-102.073434,5,271.60669797681874,0.0,10065.43,0.0,0.0
PV Modules Materials,"Mercer County, North Dakota",47.15959,-102.073434,6,268.3493251056191,0.0,10056.47,0.0,0.0
PV Modules Materials,"Mercer County, North Dakota",47.15959,-102.073434,7,254.5647974084218,0.0,9851.79,0.0,0.0
PV Modules Materials,"Mercer County, North Dakota",47.15959,-102.073434,8,252.30970185594015,0.0,9850.99,0.0,0.0
PV Modules Materials,"Mercer County, North Dakota",47.15959,-102.073434,9,247.99724053496692,0.0,10088.03,0.0,0.0
PV Modules Materials,"Mercer County, North Dakota",47.15959,-102.073434,10,246.775497084772,0.0,10087.95,0.0,0.0
PV Modules Materials,"Mercer County, North Dakota",47.15959,-102.073434,11,233.9155551694122,0.0,10041.01,0.0,0.0
PV Modules Materials,"Mercer County, North Dakota",47.15959,-102.073434,12,232.9956011587722,0.0,10041.0,0.0,0.0
PV Modules Materials,"Mercer County, North Dakota",47.15959,-102.073434,13,215.34972605477276,0.0,9851.15,0.0,0.0
PV Modules Materials,"Mercer County, North Dakota",47.15959,-102.073434,14,214.59423589525318,0.0,9851.15,0.0,0.0
PV Modules Materials,"Mercer County, North Dakota",47.15959,-102.073434,15,275.970756150765,0.0,9449.43,0.0,0.0
PV Modules Materials,"Mercer County, North Dakota",47.15959,-102.073434,16,275.09693972740314,0.0,9449.43,0.0,0.0
PV Modules Materials,"Mercer County, North Dakota",47.15959,-102.073434,17,290.1331902926404,0.0,9838.61,0.0,0.0
PV Modules Materials,"Mercer County, North Dakota",47.15959,-102.073434,18,289.2960995693807,0.0,9838.46,0.0,0.0
PV Modules Materials,"Mercer County, North Dakota",47.15959,-102.073434,19,286.44012228462225,0.0,9840.72,0.0,0.0
PV Modules Materials,"Mercer County, North Dakota",47.15959,-102.073434,20,285.6810810499786,0.0,9840.72,0.0,0.0
PV Modules Materials,"Mercer County, North Dakota",47.15959,-102.073434,21,265.86528038196343,0.0,9969.64,0.0,0.0
PV Modules Materials,"Mercer County, North Dakota",47.15959,-102.073434,22,265.21387991142996,0.0,9969.64,0.0,0.0
PV Modules Materials,"Mercer County, North Dakota",47.15959,-102.073434,23,375.8356463116668,0.0,9841.24,0.0,0.0
PV Modules Materials,"Mercer County, North Dakota",47.15959,-102.073434,24,374.9793661959961,0.0,9841.24,0.0,0.0
PV Modules Materials,"Mercer County, North Dakota",47.15959,-102.073434,25,417.72528440627764,0.0,10009.87,0.0,0.0
PV Modules Materials,"Mercer County, North Dakota",47.15959,-102.073434,26,416.83591858130137,0.0,10009.87,0.0,0.0
PV Modules Materials,"Grant County, Washington",47.412912,-119.547086,1,55758.297011746225,0.0,10123.48,0.0,0.0
PV Modules Materials,"Grant County, Washington",47.412912,-119.547086,2,54751.1455742263,0.0,10119.48,0.0,0.0
PV Modules Materials,"Grant County, Washington",47.412912,-119.547086,3,11708.384346941155,0.0,10092.18,0.0,0.0
PV Modules Materials,"Grant County, Washington",47.412912,-119.547086,4,11595.708442363746,0.0,10089.45,0.0,0.0
PV Modules Materials,"Grant County, Washington",47.412912,-119.547086,5,91892.86971337124,0.0,10182.22,0.0,0.0
PV Modules Materials,"Grant County, Washington",47.412912,-119.547086,6,90790.80064404896,0.0,10174.77,0.0,0.0
PV Modules Materials,"Grant County, Washington",47.412912,-119.547086,7,81672.29142786186,0.0,9970.36,0.0,0.0
PV Modules Materials,"Grant County, Washington",47.412912,-119.547086,8,80948.7867522941,0.0,9970.27,0.0,0.0
PV Modules Materials,"Grant County, Washington",47.412912,-119.547086,9,75835.63181669095,0.0,10204.66,0.0,0.0
PV Modules Materials,"Grant County, Washington",47.412912,-119.547086,10,75462.03214976093,0.0,10204.66,0.0,0.0
PV Modules Materials,"Grant County, Washington",47.412912,-119.547086,11,132.87861972357928,0.0,10160.39,0.0,0.0
PV Modules Materials,"Grant County, Washington",47.412912,-119.547086,12,132.3560284873766,0.0,10160.38,0.0,0.0
PV Modules Materials,"Grant County, Washington",47.412912,-119.547086,13,79.97945178339818,0.0,9970.53,0.0,0.0
PV Modules Materials,"Grant County, Washington",47.412912,-119.547086,14,79.69886777759008,0.0,9970.53,0.0,0.0
PV Modules Materials,"Grant County, Washington",47.412912,-119.547086,15,66.70719293688126,0.0,9571.83,0.0,0.0
PV Modules Materials,"Grant County, Washington",47.412912,-119.547086,16,66.49597548196816,0.0,9571.83,0.0,0.0
PV Modules Materials,"Grant County, Washington",47.412912,-119.547086,17,63.834027571549896,0.0,9937.82,0.0,0.0
PV Modules Materials,"Grant County, Washington",47.412912,-119.547086,18,63.649853977847805,0.0,9937.67,0.0,0.0
PV Modules Materials,"Grant County, Washington",47.412912,-119.547086,19,68.3165535969902,0.0,9955.09,0.0,0.0
PV Modules Materials,"Grant County, Washington",47.412912,-119.547086,20,68.1355207138338,0.0,9955.09,0.0,0.0
PV Modules Materials,"Grant County, Washington",47.412912,-119.547086,21,50.375843506200056,0.0,10086.9,0.0,0.0
PV Modules Materials,"Grant County, Washington",47.412912,-119.547086,22,50.252416904139366,0.0,10086.9,0.0,0.0
PV Modules Materials,"Grant County, Washington",47.412912,-119.547086,23,110.47471344289761,0.0,9941.01,0.0,0.0
PV Modules Materials,"Grant County, Washington",47.412912,-119.547086,24,110.22301485780088,0.0,9941.01,0.0,0.0
PV Modules Materials,"Grant County, Washington",47.412912,-119.547086,25,115.83094063214963,0.0,10124.65,0.0,0.0
PV Modules Materials,"Grant County, Washington",47.412912,-119.547086,26,115.58432860285987,0.0,10124.65,0.0,0.0
PV Modules Materials,"Waushara County, Wisconsin",44.062302,-89.117414,1,44174.75045126361,0.0,9900.41,0.0,0.0
PV Modules Materials,"Waushara County, Wisconsin",44.062302,-89.117414,2,43376.83039625008,0.0,9896.55,0.0,0.0
PV Modules Materials,"Waushara County, Wisconsin",44.062302,-89.117414,3,784.714425907383,0.0,9890.63,0.0,0.0
PV Modules Materials,"Waushara County, Wisconsin",44.062302,-89.117414,4,777.1627086803039,0.0,9887.91,0.0,0.0
PV Modules Materials,"Waushara County, Wisconsin",44.062302,-89.117414,5,110296.07131953315,0.0,9972.52,0.0,0.0
PV Modules Materials,"Waushara County, Wisconsin",44.062302,-89.117414,6,108973.29307734562,0.0,9963.56,0.0,0.0
PV Modules Materials,"Waushara County, Wisconsin",44.062302,-89.117414,7,1537.2270596262726,0.0,9754.35,0.0,0.0
PV Modules Materials,"Waushara County, Wisconsin",44.062302,-89.117414,8,1523.6093326639866,0.0,9753.55,0.0,0.0
PV Modules Materials,"Waushara County, Wisconsin",44.062302,-89.117414,9,41041.41147984806,0.0,10004.27,0.0,0.0
PV Modules Materials,"Waushara County, Wisconsin",44.062302,-89.117414,10,40839.2234411663,0.0,10004.19,0.0,0.0
PV Modules Materials,"Waushara County, Wisconsin",44.062302,-89.117414,11,1908.1431437703138,0.0,9947.06,0.0,0.0
PV Modules Materials,"Waushara County, Wisconsin",44.062302,-89.117414,12,1900.6387093742542,0.0,9947.06,0.0,0.0
PV Modules Materials,"Waushara County, Wisconsin",44.062302,-89.117414,13,1933.4473452932677,0.0,9759.5,0.0,0.0
PV Modules Materials,"Waushara County, Wisconsin",44.062302,-89.117414,14,1926.6644230668103,0.0,9759.5,0.0,0.0
PV Modules Materials,"Waushara County, Wisconsin",44.062302,-89.117414,15,865.2176367532894,0.0,9348.43,0.0,0.0
PV Modules Materials,"Waushara County, Wisconsin",44.062302,-89.117414,16,862.4780661142751,0.0,9348.43,0.0,0.0
PV Modules Materials,"Waushara County, Wisconsin",44.062302,-89.117414,17,759.9075949739422,0.0,9736.8,0.0,0.0
PV Modules Materials,"Waushara County, Wisconsin",44.062302,-89.117414,18,757.7151136599441,0.0,9736.64,0.0,0.0
PV Modules Materials,"Waushara County, Wisconsin",44.062302,-89.117414,19,655.6984583724625,0.0,9757.22,0.0,0.0
PV Modules Materials,"Waushara County, Wisconsin",44.062302,-89.117414,20,653.9609148906787,0.0,9757.22,0.0,0.0
PV Modules Materials,"Waushara County, Wisconsin",44.062302,-89.117414,21,724.3501803050731,0.0,9878.89,0.0,0.0
PV Modules Materials,"Waushara County, Wisconsin",44.062302,-89.117414,22,722.5754391745131,0.0,9878.65,0.0,0.0
PV Modules Materials,"Waushara County, Wisconsin",44.062302,-89.117414,23,808.9707269533617,0.0,9759.49,0.0,0.0
PV Modules Materials,"Waushara County, Wisconsin",44.062302,-89.117414,24,807.1276193225453,0.0,9759.49,0.0,0.0
PV Modules Materials,"Waushara County, Wisconsin",44.062302,-89.117414,25,734.2204197673188,0.0,9916.99,0.0,0.0
PV Modules Materials,"Waushara County, Wisconsin",44.062302,-89.117414,26,732.6572140584069,0.0,9916.85,0.0,0.0
PV Modules Materials,"Lawrence County, Indiana",38.870739,-86.34789,1,920.6671203283502,0.0,9855.29,0.0,0.0
PV Modules Materials,"Lawrence County, Indiana",38.870739,-86.34789,2,904.0372865025311,0.0,9851.05,0.0,0.0
PV Modules Materials,"Lawrence County, Indiana",38.870739,-86.34789,3,2089.5778844174793,0.0,9832.08,0.0,0.0
PV Modules Materials,"Lawrence County, Indiana",38.870739,-86.34789,4,2069.4687838503114,0.0,9831.65,0.0,0.0
PV Modules Materials,"Lawrence County, Indiana",38.870739,-86.34789,5,4362.9102253791425,0.0,9914.3,0.0,0.0
PV Modules Materials,"Lawrence County, Indiana",38.870739,-86.34789,6,4310.5859435647,0.0,9905.34,0.0,0.0
PV Modules Materials,"Lawrence County, Indiana",38.870739,-86.34789,7,4858.188936568002,0.0,9700.66,0.0,0.0
PV Modules Materials,"Lawrence County, Indiana",38.870739,-86.34789,8,4815.152034468798,0.0,9699.86,0.0,0.0
PV Modules Materials,"Lawrence County, Indiana",38.870739,-86.34789,9,5032.664932805785,0.0,9948.24,0.0,0.0
PV Modules Materials,"Lawrence County, Indiana",38.870739,-86.34789,10,5007.871812505667,0.0,9948.16,0.0,0.0
PV Modules Materials,"Lawrence County, Indiana",38.870739,-86.34789,11,4984.7671379382955,0.0,9889.84,0.0,0.0
PV Modules Materials,"Lawrence County, Indiana",38.870739,-86.34789,12,4965.16281313257,0.0,9889.84,0.0,0.0
PV Modules Materials,"Lawrence County, Indiana",38.870739,-86.34789,13,4998.980924621078,0.0,9700.02,0.0,0.0
PV Modules Materials,"Lawrence County, Indiana",38.870739,-86.34789,14,4981.443493924662,0.0,9700.02,0.0,0.0
PV Modules Materials,"Lawrence County, Indiana",38.870739,-86.34789,15,4598.080825064327,0.0,9305.58,0.0,0.0
PV Modules Materials,"Lawrence County, Indiana",38.870739,-86.34789,16,4583.521751498243,0.0,9305.58,0.0,0.0
PV Modules Materials,"Lawrence County, Indiana",38.870739,-86.34789,17,4368.152872130946,0.0,9698.28,0.0,0.0
PV Modules Materials,"Lawrence County, Indiana",38.870739,-86.34789,18,4355.54990091158,0.0,9698.13,0.0,0.0
PV Modules Materials,"Lawrence County, Indiana",38.870739,-86.34789,19,3884.984184345778,0.0,9698.72,0.0,0.0
PV Modules Materials,"Lawrence County, Indiana",38.870739,-86.34789,20,3874.689316544658,0.0,9698.72,0.0,0.0
PV Modules Materials,"Lawrence County, Indiana",38.870739,-86.34789,21,4244.624091526872,0.0,9821.31,0.0,0.0
PV Modules Materials,"Lawrence County, Indiana",38.870739,-86.34789,22,4234.224275023995,0.0,9821.06,0.0,0.0
PV Modules Materials,"Lawrence County, Indiana",38.870739,-86.34789,23,4031.759578048093,0.0,9701.22,0.0,0.0
PV Modules Materials,"Lawrence County, Indiana",38.870739,-86.34789,24,4022.5738725629208,0.0,9701.22,0.0,0.0
PV Modules Materials,"Lawrence County, Indiana",38.870739,-86.34789,25,2865.5201598825665,0.0,9858.74,0.0,0.0
PV Modules Materials,"Lawrence County, Indiana",38.870739,-86.34789,26,2859.419270623248,0.0,9858.74,0.0,0.0
PV Modules Materials,"Ector County, Texas",31.779982,-102.388761,1,765.8651947742723,0.0,9978.85,0.0,0.0
PV Modules Materials,"Ector County, Texas",31.779982,-102.388761,2,752.0315184749246,0.0,9974.04,0.0,0.0
PV Modules Materials,"Ector County, Texas",31.779982,-102.388761,3,1140.133346548172,0.0,9957.19,0.0,0.0
PV Modules Materials,"Ector County, Texas",31.779982,-102.388761,4,1129.1612472085437,0.0,9954.55,0.0,0.0
PV Modules Materials,"Ector County, Texas",31.779982,-102.388761,5,1425.0116719362823,0.0,10019.14,0.0,0.0
PV Modules Materials,"Ector County, Texas",31.779982,-102.388761,6,1407.9215397860644,0.0,10015.04,0.0,0.0
PV Modules Materials,"Ector County, Texas",31.779982,-102.388761,7,1225.7695631509523,0.0,9841.1,0.0,0.0
PV Modules Materials,"Ector County, Texas",31.779982,-102.388761,8,1214.9109231568523,0.0,9841.1,0.0,0.0
PV Modules Materials,"Ector County, Texas",31.779982,-102.388761,9,243.91978093125968,0.0,10056.89,0.0,0.0
PV Modules Materials,"Ector County, Texas",31.779982,-102.388761,10,242.71812483991428,0.0,10056.72,0.0,0.0
PV Modules Materials,"Ector County, Texas",31.779982,-102.388761,11,240.57822642696692,0.0,10025.71,0.0,0.0
PV Modules Materials,"Ector County, Texas",31.779982,-102.388761,12,239.63206915190293,0.0,10025.71,0.0,0.0
PV Modules Materials,"Ector County, Texas",31.779982,-102.388761,13,201.3294246810762,0.0,9842.56,0.0,0.0
PV Modules Materials,"Ector County, Texas",31.779982,-102.388761,14,200.6231205591494,0.0,9842.56,0.0,0.0
PV Modules Materials,"Ector County, Texas",31.779982,-102.388761,15,202.91422876827272,0.0,9430.86,0.0,0.0
PV Modules Materials,"Ector County, Texas",31.779982,-102.388761,16,202.27173393257127,0.0,9430.86,0.0,0.0
PV Modules Materials,"Ector County, Texas",31.779982,-102.388761,17,275.5754892236147,0.0,9793.13,0.0,0.0
PV Modules Materials,"Ector County, Texas",31.779982,-102.388761,18,274.7804003013367,0.0,9792.97,0.0,0.0
PV Modules Materials,"Ector County, Texas",31.779982,-102.388761,19,326.37825420939157,0.0,9812.47,0.0,0.0
PV Modules Materials,"Ector County, Texas",31.779982,-102.388761,20,325.513380423345,0.0,9812.47,0.0,0.0
PV Modules Materials,"Ector County, Texas",31.779982,-102.388761,21,525.9289321599548,0.0,9951.86,0.0,0.0
PV Modules Materials,"Ector County, Texas",31.779982,-102.388761,22,524.640345875262,0.0,9951.86,0.0,0.0
PV Modules Materials,"Ector County, Texas",31.779982,-102.388761,23,579.2833851323007,0.0,9796.32,0.0,0.0
PV Modules Materials,"Ector County, Texas",31.779982,-102.388761,24,577.9635825832476,0.0,9796.32,0.0,0.0
PV Modules Materials,"Ector County, Texas",31.779982,-102.388761,25,518.0060661447592,0.0,9947.56,0.0,0.0
PV Modules Materials,"Ector County, Texas",31.779982,-102.388761,26,516.9031956469528,0.0,9947.56,0.0,0.0
PV Modules Materials,"Douglas County, Illinois",39.760771,-88.320375,1,413894.6921579256,0.0,9874.25,0.0,0.0
PV Modules Materials,"Douglas County, Illinois",39.760771,-88.320375,2,406418.59162169695,0.0,9870.0,0.0,0.0
PV Modules Materials,"Douglas County, Illinois",39.760771,-88.320375,3,28.453323346846304,0.0,9844.96,0.0,0.0
PV Modules Materials,"Douglas County, Illinois",39.760771,-88.320375,4,28.179502138783807,0.0,9842.24,0.0,0.0
PV Modules Materials,"Douglas County, Illinois",39.760771,-88.320375,5,111.95913057177346,0.0,9932.87,0.0,0.0
PV Modules Materials,"Douglas County, Illinois",39.760771,-88.320375,6,110.61640729828963,0.0,9923.91,0.0,0.0
PV Modules Materials,"Douglas County, Illinois",39.760771,-88.320375,7,398.55052902843767,0.0,9719.23,0.0,0.0
PV Modules Materials,"Douglas County, Illinois",39.760771,-88.320375,8,395.0199170404446,0.0,9718.43,0.0,0.0
PV Modules Materials,"Douglas County, Illinois",39.760771,-88.320375,9,1167.1047311266427,0.0,9958.24,0.0,0.0
PV Modules Materials,"Douglas County, Illinois",39.760771,-88.320375,10,1161.3550600501849,0.0,9958.16,0.0,0.0
PV Modules Materials,"Douglas County, Illinois",39.760771,-88.320375,11,2245.450368468483,0.0,9908.45,0.0,0.0
PV Modules Materials,"Douglas County, Illinois",39.760771,-88.320375,12,2236.6193564792643,0.0,9908.44,0.0,0.0
PV Modules Materials,"Douglas County, Illinois",39.760771,-88.320375,13,730.0647242056693,0.0,9718.59,0.0,0.0
PV Modules Materials,"Douglas County, Illinois",39.760771,-88.320375,14,727.5035102907303,0.0,9718.59,0.0,0.0
PV Modules Materials,"Douglas County, Illinois",39.760771,-88.320375,15,472.4829644327585,0.0,9323.62,0.0,0.0
PV Modules Materials,"Douglas County, Illinois",39.760771,-88.320375,16,470.9869241282036,0.0,9323.62,0.0,0.0
PV Modules Materials,"Douglas County, Illinois",39.760771,-88.320375,17,342.89181690724934,0.0,9710.94,0.0,0.0
PV Modules Materials,"Douglas County, Illinois",39.760771,-88.320375,18,341.9025072776782,0.0,9710.94,0.0,0.0
PV Modules Materials,"Douglas County, Illinois",39.760771,-88.320375,19,300.9938478396008,0.0,9710.94,0.0,0.0
PV Modules Materials,"Douglas County, Illinois",39.760771,-88.320375,20,300.1962405070034,0.0,9710.94,0.0,0.0
PV Modules Materials,"Douglas County, Illinois",39.760771,-88.320375,21,556.4134368951201,0.0,9838.6,0.0,0.0
PV Modules Materials,"Douglas County, Illinois",39.760771,-88.320375,22,555.0501600727989,0.0,9838.6,0.0,0.0
PV Modules Materials,"Douglas County, Illinois",39.760771,-88.320375,23,651.4811090287035,0.0,9713.36,0.0,0.0
PV Modules Materials,"Douglas County, Illinois",39.760771,-88.320375,24,649.9968157614975,0.0,9713.36,0.0,0.0
PV Modules Materials,"Douglas County, Illinois",39.760771,-88.320375,25,235.30568587759475,0.0,9877.31,0.0,0.0
PV Modules Materials,"Douglas County, Illinois",39.760771,-88.320375,26,234.8047039086925,0.0,9877.31,0.0,0.0
PV Modules Materials,"Anne Arundel County, Maryland",39.077259,-76.763675,1,5458.922492025287,0.0,9795.01,0.0,0.0
PV Modules Materials,"Anne Arundel County, Maryland",39.077259,-76.763675,2,5360.319020796696,0.0,9791.15,0.0,0.0
PV Modules Materials,"Anne Arundel County, Maryland",39.077259,-76.763675,3,30601.685575602278,0.0,9800.13,0.0,0.0
PV Modules Materials,"Anne Arundel County, Maryland",39.077259,-76.763675,4,30307.189554490258,0.0,9799.76,0.0,0.0
PV Modules Materials,"Anne Arundel County, Maryland",39.077259,-76.763675,5,247817.4807349672,0.0,9902.42,0.0,0.0
PV Modules Materials,"Anne Arundel County, Maryland",39.077259,-76.763675,6,244845.41139806152,0.0,9892.67,0.0,0.0
PV Modules Materials,"Anne Arundel County, Maryland",39.077259,-76.763675,7,10575.024687497627,0.0,9648.64,0.0,0.0
PV Modules Materials,"Anne Arundel County, Maryland",39.077259,-76.763675,8,10481.344448191412,0.0,9647.84,0.0,0.0
PV Modules Materials,"Anne Arundel County, Maryland",39.077259,-76.763675,9,30335.207593925574,0.0,9979.1,0.0,0.0
PV Modules Materials,"Anne Arundel County, Maryland",39.077259,-76.763675,10,30185.76302305765,0.0,9977.54,0.0,0.0
PV Modules Materials,"Anne Arundel County, Maryland",39.077259,-76.763675,11,2808.565648365945,0.0,9895.75,0.0,0.0
PV Modules Materials,"Anne Arundel County, Maryland",39.077259,-76.763675,12,2797.519990327133,0.0,9895.75,0.0,0.0
PV Modules Materials,"Anne Arundel County, Maryland",39.077259,-76.763675,13,3023.4937428338226,0.0,9701.11,0.0,0.0
PV Modules Materials,"Anne Arundel County, Maryland",39.077259,-76.763675,14,3012.886718567169,0.0,9701.11,0.0,0.0
PV Modules Materials,"Anne Arundel County, Maryland",39.077259,-76.763675,15,2044.343804327682,0.0,9242.16,0.0,0.0
PV Modules Materials,"Anne Arundel County, Maryland",39.077259,-76.763675,16,2037.8707228456587,0.0,9242.16,0.0,0.0
PV Modules Materials,"Anne Arundel County, Maryland",39.077259,-76.763675,17,1754.178699373773,0.0,9628.91,0.0,0.0
PV Modules Materials,"Anne Arundel County, Maryland",39.077259,-76.763675,18,1749.1175524063945,0.0,9628.75,0.0,0.0
PV Modules Materials,"Anne Arundel County, Maryland",39.077259,-76.763675,19,2181.0533566181093,0.0,9663.47,0.0,0.0
PV Modules Materials,"Anne Arundel County, Maryland",39.077259,-76.763675,20,2175.273756262451,0.0,9663.47,0.0,0.0
PV Modules Materials,"Anne Arundel County, Maryland",39.077259,-76.763675,21,535799.5577702351,0.0,9811.0,0.0,0.0
PV Modules Materials,"Anne Arundel County, Maryland",39.077259,-76.763675,22,534486.7873191941,0.0,9810.76,0.0,0.0
PV Modules Materials,"Anne Arundel County, Maryland",39.077259,-76.763675,23,29271.317073246442,0.0,9660.65,0.0,0.0
PV Modules Materials,"Anne Arundel County, Maryland",39.077259,-76.763675,24,29204.627159675743,0.0,9660.32,0.0,0.0
PV Modules Materials,"Anne Arundel County, Maryland",39.077259,-76.763675,25,5057.506747700885,0.0,9868.84,0.0,0.0
PV Modules Materials,"Anne Arundel County, Maryland",39.077259,-76.763675,26,5046.738968423686,0.0,9868.71,0.0,0.0
PV Modules Materials,"Poweshiek County, Iowa",41.534919,-92.685148,1,632.7384832389534,0.0,9913.85,0.0,0.0
PV Modules Materials,"Poweshiek County, Iowa",41.534919,-92.685148,2,621.3094492274944,0.0,9909.85,0.0,0.0
PV Modules Materials,"Poweshiek County, Iowa",41.534919,-92.685148,3,1928.810808568455,0.0,9882.46,0.0,0.0
PV Modules Materials,"Poweshiek County, Iowa",41.534919,-92.685148,4,1910.2488536330657,0.0,9879.73,0.0,0.0
PV Modules Materials,"Poweshiek County, Iowa",41.534919,-92.685148,5,3063.302958096239,0.0,9972.14,0.0,0.0
PV Modules Materials,"Poweshiek County, Iowa",41.534919,-92.685148,6,3026.5648362962393,0.0,9964.1,0.0,0.0
PV Modules Materials,"Poweshiek County, Iowa",41.534919,-92.685148,7,1704.972907083299,0.0,9759.43,0.0,0.0
PV Modules Materials,"Poweshiek County, Iowa",41.534919,-92.685148,8,1689.869181591764,0.0,9758.63,0.0,0.0
PV Modules Materials,"Poweshiek County, Iowa",41.534919,-92.685148,9,1872.4009832637726,0.0,9994.48,0.0,0.0
PV Modules Materials,"Poweshiek County, Iowa",41.534919,-92.685148,10,1863.1767127335593,0.0,9994.4,0.0,0.0
PV Modules Materials,"Poweshiek County, Iowa",41.534919,-92.685148,11,2059.1634764296577,0.0,9948.64,0.0,0.0
PV Modules Materials,"Poweshiek County, Iowa",41.534919,-92.685148,12,2051.065102222209,0.0,9948.63,0.0,0.0
PV Modules Materials,"Poweshiek County, Iowa",41.534919,-92.685148,13,2300.1791139674006,0.0,9758.79,0.0,0.0
PV Modules Materials,"Poweshiek County, Iowa",41.534919,-92.685148,14,2292.1096229233635,0.0,9758.79,0.0,0.0
PV Modules Materials,"Poweshiek County, Iowa",41.534919,-92.685148,15,2405.674466546046,0.0,9362.93,0.0,0.0
PV Modules Materials,"Poweshiek County, Iowa",41.534919,-92.685148,16,2398.0572904095216,0.0,9362.93,0.0,0.0
PV Modules Materials,"Poweshiek County, Iowa",41.534919,-92.685148,17,2541.447470667568,0.0,9747.17,0.0,0.0
PV Modules Materials,"Poweshiek County, Iowa",41.534919,-92.685148,18,2534.114900067142,0.0,9747.17,0.0,0.0
PV Modules Materials,"Poweshiek County, Iowa",41.534919,-92.685148,19,2666.0384873647768,0.0,9747.18,0.0,0.0
PV Modules Materials,"Poweshiek County, Iowa",41.534919,-92.685148,20,2658.9737188926906,0.0,9747.18,0.0,0.0
PV Modules Materials,"Poweshiek County, Iowa",41.534919,-92.685148,21,1582.5783338400229,0.0,9876.18,0.0,0.0
PV Modules Materials,"Poweshiek County, Iowa",41.534919,-92.685148,22,1578.7008351691222,0.0,9876.18,0.0,0.0
PV Modules Materials,"Poweshiek County, Iowa",41.534919,-92.685148,23,1602.9142136066032,0.0,9748.36,0.0,0.0
PV Modules Materials,"Poweshiek County, Iowa",41.534919,-92.685148,24,1599.2622354568268,0.0,9748.36,0.0,0.0
PV Modules Materials,"Poweshiek County, Iowa",41.534919,-92.685148,25,1574.7774861180678,0.0,9917.5,0.0,0.0
PV Modules Materials,"Poweshiek County, Iowa",41.534919,-92.685148,26,1571.4246766751685,0.0,9917.5,0.0,0.0
PV Modules Materials,"Chickasaw County, Iowa",42.912693,-92.111685,1,62.9498498294608,0.0,9914.84,0.0,0.0
PV Modules Materials,"Chickasaw County, Iowa",42.912693,-92.111685,2,61.81279875105274,0.0,9910.84,0.0,0.0
PV Modules Materials,"Chickasaw County, Iowa",42.912693,-92.111685,3,115.0132016087592,0.0,9889.93,0.0,0.0
PV Modules Materials,"Chickasaw County, Iowa",42.912693,-92.111685,4,113.90636943229444,0.0,9887.21,0.0,0.0
PV Modules Materials,"Chickasaw County, Iowa",42.912693,-92.111685,5,214.5272679121588,0.0,9977.95,0.0,0.0
PV Modules Materials,"Chickasaw County, Iowa",42.912693,-92.111685,6,211.95444733065298,0.0,9968.98,0.0,0.0
PV Modules Materials,"Chickasaw County, Iowa",42.912693,-92.111685,7,243.904274427515,0.0,9764.31,0.0,0.0
PV Modules Materials,"Chickasaw County, Iowa",42.912693,-92.111685,8,241.74361651215412,0.0,9763.51,0.0,0.0
PV Modules Materials,"Chickasaw County, Iowa",42.912693,-92.111685,9,270.3289300219647,0.0,10002.45,0.0,0.0
PV Modules Materials,"Chickasaw County, Iowa",42.912693,-92.111685,10,268.9971708502093,0.0,10002.37,0.0,0.0
PV Modules Materials,"Chickasaw County, Iowa",42.912693,-92.111685,11,300.35489446464203,0.0,9953.51,0.0,0.0
PV Modules Materials,"Chickasaw County, Iowa",42.912693,-92.111685,12,299.1736447201435,0.0,9953.51,0.0,0.0
PV Modules Materials,"Chickasaw County, Iowa",42.912693,-92.111685,13,343.5239638102528,0.0,9763.67,0.0,0.0
PV Modules Materials,"Chickasaw County, Iowa",42.912693,-92.111685,14,342.3188126406999,0.0,9763.67,0.0,0.0
PV Modules Materials,"Chickasaw County, Iowa",42.912693,-92.111685,15,366.9159621336219,0.0,9363.35,0.0,0.0
PV Modules Materials,"Chickasaw County, Iowa",42.912693,-92.111685,16,365.7541825371968,0.0,9363.35,0.0,0.0
PV Modules Materials,"Chickasaw County, Iowa",42.912693,-92.111685,17,390.59715106920237,0.0,9754.39,0.0,0.0
PV Modules Materials,"Chickasaw County, Iowa",42.912693,-92.111685,18,389.47020226557913,0.0,9754.24,0.0,0.0
PV Modules Materials,"Chickasaw County, Iowa",42.912693,-92.111685,19,403.31251082763885,0.0,9755.14,0.0,0.0
PV Modules Materials,"Chickasaw County, Iowa",42.912693,-92.111685,20,402.2437680002579,0.0,9755.14,0.0,0.0
PV Modules Materials,"Chickasaw County, Iowa",42.912693,-92.111685,21,208.49640545028183,0.0,9883.57,0.0,0.0
PV Modules Materials,"Chickasaw County, Iowa",42.912693,-92.111685,22,207.985565311924,0.0,9883.57,0.0,0.0
PV Modules Materials,"Chickasaw County, Iowa",42.912693,-92.111685,23,238.42531346289417,0.0,9757.13,0.0,0.0
PV Modules Materials,"Chickasaw County, Iowa",42.912693,-92.111685,24,237.88210034036473,0.0,9757.13,0.0,0.0
PV Modules Materials,"Chickasaw County, Iowa",42.912693,-92.111685,25,238.28227444768797,0.0,9922.39,0.0,0.0
PV Modules Materials,"Chickasaw County, Iowa",42.912693,-92.111685,26,237.77495511725147,0.0,9922.39,0.0,0.0
PV Modules Materials,"Johnson County, Texas",32.371827,-97.118152,1,20006.493502937876,0.0,9933.22,0.0,0.0
PV Modules Materials,"Johnson County, Texas",32.371827,-97.118152,2,19645.120043361596,0.0,9928.41,0.0,0.0
PV Modules Materials,"Johnson County, Texas",32.371827,-97.118152,3,30571.11459810585,0.0,9910.25,0.0,0.0
PV Modules Materials,"Johnson County, Texas",32.371827,-97.118152,4,30276.912777495032,0.0,9908.2,0.0,0.0
PV Modules Materials,"Johnson County, Texas",32.371827,-97.118152,5,42289.28750837744,0.0,9973.51,0.0,0.0
PV Modules Materials,"Johnson County, Texas",32.371827,-97.118152,6,41782.11305760633,0.0,9969.41,0.0,0.0
PV Modules Materials,"Johnson County, Texas",32.371827,-97.118152,7,38125.76906191876,0.0,9795.2,0.0,0.0
PV Modules Materials,"Johnson County, Texas",32.371827,-97.118152,8,37788.026950198066,0.0,9795.2,0.0,0.0
PV Modules Materials,"Johnson County, Texas",32.371827,-97.118152,9,8474.201080645773,0.0,10010.18,0.0,0.0
PV Modules Materials,"Johnson County, Texas",32.371827,-97.118152,10,8432.453440052763,0.0,10009.2,0.0,0.0
PV Modules Materials,"Johnson County, Texas",32.371827,-97.118152,11,89555.68635593561,0.0,9987.14,0.0,0.0
PV Modules Materials,"Johnson County, Texas",32.371827,-97.118152,12,89203.47757367187,0.0,9987.14,0.0,0.0
PV Modules Materials,"Johnson County, Texas",32.371827,-97.118152,13,235771.17411563295,0.0,9799.2,0.0,0.0
PV Modules Materials,"Johnson County, Texas",32.371827,-97.118152,14,234944.04140826443,0.0,9799.2,0.0,0.0
PV Modules Materials,"Johnson County, Texas",32.371827,-97.118152,15,7694.696373780039,0.0,9383.51,0.0,0.0
PV Modules Materials,"Johnson County, Texas",32.371827,-97.118152,16,7670.332371746004,0.0,9383.51,0.0,0.0
PV Modules Materials,"Johnson County, Texas",32.371827,-97.118152,17,44874.80443722944,0.0,9760.22,0.0,0.0
PV Modules Materials,"Johnson County, Texas",32.371827,-97.118152,18,44745.331892345464,0.0,9760.07,0.0,0.0
PV Modules Materials,"Johnson County, Texas",32.371827,-97.118152,19,76967.61822855979,0.0,9779.56,0.0,0.0
PV Modules Materials,"Johnson County, Texas",32.371827,-97.118152,20,76763.66078188013,0.0,9779.56,0.0,0.0
PV Modules Materials,"Johnson County, Texas",32.371827,-97.118152,21,13571.121333839114,0.0,9906.31,0.0,0.0
PV Modules Materials,"Johnson County, Texas",32.371827,-97.118152,22,13537.870527980496,0.0,9906.31,0.0,0.0
PV Modules Materials,"Johnson County, Texas",32.371827,-97.118152,23,15748.315847959191,0.0,9763.41,0.0,0.0
PV Modules Materials,"Johnson County, Texas",32.371827,-97.118152,24,15712.435883277165,0.0,9763.41,0.0,0.0
PV Modules Materials,"Johnson County, Texas",32.371827,-97.118152,25,13886.345070615029,0.0,9900.21,0.0,0.0
PV Modules Materials,"Johnson County, Texas",32.371827,-97.118152,26,13856.780088075884,0.0,9900.21,0.0,0.0
PV Modules Materials,"Palm Beach County, Florida",26.677092,-80.563731,1,20388.347338270483,0.0,9793.28,0.0,0.0
PV Modules Materials,"Palm Beach County, Florida",26.677092,-80.563731,2,20020.076526016866,0.0,9788.73,0.0,0.0
PV Modules Materials,"Palm Beach County, Florida",26.677092,-80.563731,3,208436.27954515672,0.0,9820.85,0.0,0.0
PV Modules Materials,"Palm Beach County, Florida",26.677092,-80.563731,4,206430.38824123517,0.0,9820.85,0.0,0.0
PV Modules Materials,"Palm Beach County, Florida",26.677092,-80.563731,5,126344.97736468838,0.0,9961.9,0.0,0.0
PV Modules Materials,"Palm Beach County, Florida",26.677092,-80.563731,6,124829.72496205737,0.0,9952.94,0.0,0.0
PV Modules Materials,"Palm Beach County, Florida",26.677092,-80.563731,7,26260.183681497543,0.0,9705.11,0.0,0.0
PV Modules Materials,"Palm Beach County, Florida",26.677092,-80.563731,8,26027.554409774304,0.0,9705.11,0.0,0.0
PV Modules Materials,"Palm Beach County, Florida",26.677092,-80.563731,9,14652.971462536025,0.0,9926.85,0.0,0.0
PV Modules Materials,"Palm Beach County, Florida",26.677092,-80.563731,10,14580.78448226307,0.0,9926.85,0.0,0.0
PV Modules Materials,"Palm Beach County, Florida",26.677092,-80.563731,11,667777.4588353655,0.0,9970.38,0.0,0.0
PV Modules Materials,"Palm Beach County, Florida",26.677092,-80.563731,12,665151.1924845634,0.0,9970.38,0.0,0.0
PV Modules Materials,"Palm Beach County, Florida",26.677092,-80.563731,13,144624.11172666837,0.0,9783.88,0.0,0.0
PV Modules Materials,"Palm Beach County, Florida",26.677092,-80.563731,14,144116.74124962874,0.0,9783.88,0.0,0.0
PV Modules Materials,"Palm Beach County, Florida",26.677092,-80.563731,15,5723.856957160751,0.0,9347.05,0.0,0.0
PV Modules Materials,"Palm Beach County, Florida",26.677092,-80.563731,16,5705.733296944347,0.0,9347.05,0.0,0.0
PV Modules Materials,"Palm Beach County, Florida",26.677092,-80.563731,17,5523.475311261425,0.0,9693.58,0.0,0.0
PV Modules Materials,"Palm Beach County, Florida",26.677092,-80.563731,18,5507.539009942203,0.0,9693.58,0.0,0.0
PV Modules Materials,"Palm Beach County, Florida",26.677092,-80.563731,19,2919.1274030341556,0.0,9705.33,0.0,0.0
PV Modules Materials,"Palm Beach County, Florida",26.677092,-80.563731,20,2911.39197110371,0.0,9705.33,0.0,0.0
PV Modules Materials,"Palm Beach County, Florida",26.677092,-80.563731,21,2141.193264800466,0.0,9812.49,0.0,0.0
PV Modules Materials,"Palm Beach County, Florida",26.677092,-80.563731,22,2135.9470953939517,0.0,9812.49,0.0,0.0
PV Modules Materials,"Palm Beach County, Florida",26.677092,-80.563731,23,2284.784897806383,0.0,9693.58,0.0,0.0
PV Modules Materials,"Palm Beach County, Florida",26.677092,-80.563731,24,2279.579388707457,0.0,9693.58,0.0,0.0
PV Modules Materials,"Palm Beach County, Florida",26.677092,-80.563731,25,21557.00216593296,0.0,9746.87,0.0,0.0
PV Modules Materials,"Palm Beach County, Florida",26.677092,-80.563731,26,21511.105827523446,0.0,9746.74,0.0,0.0
PV Modules Materials,"Logan County, Kansas",38.767304,-101.028468,1,44.57354838954375,0.0,9971.55,0.0,0.0
PV Modules Materials,"Logan County, Kansas",38.767304,-101.028468,2,43.768424923767256,0.0,9967.15,0.0,0.0
PV Modules Materials,"Logan County, Kansas",38.767304,-101.028468,3,100.38660195258343,0.0,9935.54,0.0,0.0
PV Modules Materials,"Logan County, Kansas",38.767304,-101.028468,4,99.420529192475,0.0,9932.82,0.0,0.0
PV Modules Materials,"Logan County, Kansas",38.767304,-101.028468,5,194.67355310705975,0.0,10019.9,0.0,0.0
PV Modules Materials,"Logan County, Kansas",38.767304,-101.028468,6,192.33883766979505,0.0,10014.68,0.0,0.0
PV Modules Materials,"Logan County, Kansas",38.767304,-101.028468,7,159.6065708990832,0.0,9815.33,0.0,0.0
PV Modules Materials,"Logan County, Kansas",38.767304,-101.028468,8,158.19267521576177,0.0,9815.3,0.0,0.0
PV Modules Materials,"Logan County, Kansas",38.767304,-101.028468,9,115.35760319295358,0.0,10046.87,0.0,0.0
PV Modules Materials,"Logan County, Kansas",38.767304,-101.028468,10,114.78930091738334,0.0,10046.87,0.0,0.0
PV Modules Materials,"Logan County, Kansas",38.767304,-101.028468,11,103.68600393076179,0.0,10006.82,0.0,0.0
PV Modules Materials,"Logan County, Kansas",38.767304,-101.028468,12,103.27822277617264,0.0,10006.82,0.0,0.0
PV Modules Materials,"Logan County, Kansas",38.767304,-101.028468,13,96.81444549370909,0.0,9815.59,0.0,0.0
PV Modules Materials,"Logan County, Kansas",38.767304,-101.028468,14,96.47480094337776,0.0,9815.59,0.0,0.0
PV Modules Materials,"Logan County, Kansas",38.767304,-101.028468,15,96.68856402012015,0.0,9426.86,0.0,0.0
PV Modules Materials,"Logan County, Kansas",38.767304,-101.028468,16,96.38241543984851,0.0,9426.86,0.0,0.0
PV Modules Materials,"Logan County, Kansas",38.767304,-101.028468,17,93.73495468112523,0.0,9768.12,0.0,0.0
PV Modules Materials,"Logan County, Kansas",38.767304,-101.028468,18,93.46451109302836,0.0,9767.97,0.0,0.0
PV Modules Materials,"Logan County, Kansas",38.767304,-101.028468,19,103.90679931897036,0.0,9787.46,0.0,0.0
PV Modules Materials,"Logan County, Kansas",38.767304,-101.028468,20,103.63145540201526,0.0,9787.46,0.0,0.0
PV Modules Materials,"Logan County, Kansas",38.767304,-101.028468,21,108.36631743256562,0.0,9932.23,0.0,0.0
PV Modules Materials,"Logan County, Kansas",38.767304,-101.028468,22,108.10080750940404,0.0,9932.23,0.0,0.0
PV Modules Materials,"Logan County, Kansas",38.767304,-101.028468,23,109.34058209949238,0.0,9771.31,0.0,0.0
PV Modules Materials,"Logan County, Kansas",38.767304,-101.028468,24,109.09146744736591,0.0,9771.31,0.0,0.0
PV Modules Materials,"Logan County, Kansas",38.767304,-101.028468,25,279.64679003170806,0.0,9958.08,0.0,0.0
PV Modules Materials,"Logan County, Kansas",38.767304,-101.028468,26,279.0514028061731,0.0,9958.08,0.0,0.0
PV Modules Materials,"Morrill County, Nebraska",41.743252,-102.695826,1,30.960359236991437,0.0,9990.38,0.0,0.0
PV Modules Materials,"Morrill County, Nebraska",41.743252,-102.695826,2,30.40112819905102,0.0,9986.13,0.0,0.0
PV Modules Materials,"Morrill County, Nebraska",41.743252,-102.695826,3,77.21822949277568,0.0,9954.56,0.0,0.0
PV Modules Materials,"Morrill County, Nebraska",41.743252,-102.695826,4,76.47511809498168,0.0,9951.83,0.0,0.0
PV Modules Materials,"Morrill County, Nebraska",41.743252,-102.695826,5,177.0477353173866,0.0,10043.15,0.0,0.0
PV Modules Materials,"Morrill County, Nebraska",41.743252,-102.695826,6,174.9244059067865,0.0,10035.93,0.0,0.0
PV Modules Materials,"Morrill County, Nebraska",41.743252,-102.695826,7,164.2380001333654,0.0,9833.37,0.0,0.0
PV Modules Materials,"Morrill County, Nebraska",41.743252,-102.695826,8,162.78307632842544,0.0,9833.27,0.0,0.0
PV Modules Materials,"Morrill County, Nebraska",41.743252,-102.695826,9,143.00889347565575,0.0,10067.04,0.0,0.0
PV Modules Materials,"Morrill County, Nebraska",41.743252,-102.695826,10,142.30436878599957,0.0,10067.04,0.0,0.0
PV Modules Materials,"Morrill County, Nebraska",41.743252,-102.695826,11,133.06593413701555,0.0,10024.49,0.0,0.0
PV Modules Materials,"Morrill County, Nebraska",41.743252,-102.695826,12,132.54260622194698,0.0,10024.49,0.0,0.0
PV Modules Materials,"Morrill County, Nebraska",41.743252,-102.695826,13,20098.3731367718,0.0,9834.13,0.0,0.0
PV Modules Materials,"Morrill County, Nebraska",41.743252,-102.695826,14,20027.864000747533,0.0,9834.13,0.0,0.0
PV Modules Materials,"Morrill County, Nebraska",41.743252,-102.695826,15,97.50528459114147,0.0,9441.71,0.0,0.0
PV Modules Materials,"Morrill County, Nebraska",41.743252,-102.695826,16,97.19654999828572,0.0,9441.71,0.0,0.0
PV Modules Materials,"Morrill County, Nebraska",41.743252,-102.695826,17,99.44284167630511,0.0,9797.69,0.0,0.0
PV Modules Materials,"Morrill County, Nebraska",41.743252,-102.695826,18,99.15592972328847,0.0,9797.54,0.0,0.0
PV Modules Materials,"Morrill County, Nebraska",41.743252,-102.695826,19,81.25608150785536,0.0,9816.25,0.0,0.0
PV Modules Materials,"Morrill County, Nebraska",41.743252,-102.695826,20,81.04076000911384,0.0,9816.25,0.0,0.0
PV Modules Materials,"Morrill County, Nebraska",41.743252,-102.695826,21,91.1426862179626,0.0,9950.01,0.0,0.0
PV Modules Materials,"Morrill County, Nebraska",41.743252,-102.695826,22,90.9193761693441,0.0,9950.01,0.0,0.0
PV Modules Materials,"Morrill County, Nebraska",41.743252,-102.695826,23,97.43220299373715,0.0,9800.89,0.0,0.0
PV Modules Materials,"Morrill County, Nebraska",41.743252,-102.695826,24,97.21021963779873,0.0,9800.89,0.0,0.0
PV Modules Materials,"Morrill County, Nebraska",41.743252,-102.695826,25,137.02643936305253,0.0,9985.61,0.0,0.0
PV Modules Materials,"Morrill County, Nebraska",41.743252,-102.695826,26,136.73470066099893,0.0,9985.61,0.0,0.0
PV Modules Materials,"Ferry County, Washington",47.92036,-118.472439,1,9175.160454883155,0.0,10116.32,0.0,0.0
PV Modules Materials,"Ferry County, Washington",47.92036,-118.472439,2,9009.431289236925,0.0,10112.41,0.0,0.0
PV Modules Materials,"Ferry County, Washington",47.92036,-118.472439,3,581.0652349069458,0.0,10085.89,0.0,0.0
PV Modules Materials,"Ferry County, Washington",47.92036,-118.472439,4,575.4733403276796,0.0,10083.17,0.0,0.0
PV Modules Materials,"Ferry County, Washington",47.92036,-118.472439,5,1115.2767832762931,0.0,10176.17,0.0,0.0
PV Modules Materials,"Ferry County, Washington",47.92036,-118.472439,6,1101.901294509691,0.0,10168.4,0.0,0.0
PV Modules Materials,"Ferry County, Washington",47.92036,-118.472439,7,801.8694683010806,0.0,9963.96,0.0,0.0
PV Modules Materials,"Ferry County, Washington",47.92036,-118.472439,8,794.7660027392837,0.0,9963.71,0.0,0.0
PV Modules Materials,"Ferry County, Washington",47.92036,-118.472439,9,637.4101973258767,0.0,10198.37,0.0,0.0
PV Modules Materials,"Ferry County, Washington",47.92036,-118.472439,10,634.2700344273283,0.0,10198.37,0.0,0.0
PV Modules Materials,"Ferry County, Washington",47.92036,-118.472439,11,484.12658130457004,0.0,10153.73,0.0,0.0
PV Modules Materials,"Ferry County, Washington",47.92036,-118.472439,12,482.2225856946756,0.0,10153.72,0.0,0.0
PV Modules Materials,"Ferry County, Washington",47.92036,-118.472439,13,350.50753434241335,0.0,9963.87,0.0,0.0
PV Modules Materials,"Ferry County, Washington",47.92036,-118.472439,14,349.27788340259366,0.0,9963.87,0.0,0.0
PV Modules Materials,"Ferry County, Washington",47.92036,-118.472439,15,337.2243932542797,0.0,9564.64,0.0,0.0
PV Modules Materials,"Ferry County, Washington",47.92036,-118.472439,16,336.15662717176457,0.0,9564.64,0.0,0.0
PV Modules Materials,"Ferry County, Washington",47.92036,-118.472439,17,342.9703866851448,0.0,9933.08,0.0,0.0
PV Modules Materials,"Ferry County, Washington",47.92036,-118.472439,18,341.9808503664721,0.0,9932.93,0.0,0.0
PV Modules Materials,"Ferry County, Washington",47.92036,-118.472439,19,356.1626121307221,0.0,9949.04,0.0,0.0
PV Modules Materials,"Ferry County, Washington",47.92036,-118.472439,20,355.2188124050085,0.0,9949.04,0.0,0.0
PV Modules Materials,"Ferry County, Washington",47.92036,-118.472439,21,162.49768098099005,0.0,10080.49,0.0,0.0
PV Modules Materials,"Ferry County, Washington",47.92036,-118.472439,22,162.09954300035741,0.0,10080.49,0.0,0.0
PV Modules Materials,"Ferry County, Washington",47.92036,-118.472439,23,455.7661612402426,0.0,9936.27,0.0,0.0
PV Modules Materials,"Ferry County, Washington",47.92036,-118.472439,24,454.7277725054445,0.0,9936.27,0.0,0.0
PV Modules Materials,"Ferry County, Washington",47.92036,-118.472439,25,497.99099616953447,0.0,10118.93,0.0,0.0
PV Modules Materials,"Ferry County, Washington",47.92036,-118.472439,26,496.93073913058475,0.0,10118.93,0.0,0.0
PV Modules Materials,"Lowndes County, Alabama",32.170534,-86.452237,1,798.0898784282449,0.0,9843.65,0.0,0.0
PV Modules Materials,"Lowndes County, Alabama",32.170534,-86.452237,2,783.6741338412148,0.0,9839.1,0.0,0.0
PV Modules Materials,"Lowndes County, Alabama",32.170534,-86.452237,3,1711.62841465262,0.0,9821.45,0.0,0.0
PV Modules Materials,"Lowndes County, Alabama",32.170534,-86.452237,4,1695.1565194528548,0.0,9819.07,0.0,0.0
PV Modules Materials,"Lowndes County, Alabama",32.170534,-86.452237,5,3111.1549399052174,0.0,9921.42,0.0,0.0
PV Modules Materials,"Lowndes County, Alabama",32.170534,-86.452237,6,3073.842930389862,0.0,9912.61,0.0,0.0
PV Modules Materials,"Lowndes County, Alabama",32.170534,-86.452237,7,14824.531726481415,0.0,9707.61,0.0,0.0
PV Modules Materials,"Lowndes County, Alabama",32.170534,-86.452237,8,14693.206673275514,0.0,9707.61,0.0,0.0
PV Modules Materials,"Lowndes County, Alabama",32.170534,-86.452237,9,1799.2493286297702,0.0,9930.7,0.0,0.0
PV Modules Materials,"Lowndes County, Alabama",32.170534,-86.452237,10,1790.3854353147528,0.0,9930.59,0.0,0.0
PV Modules Materials,"Lowndes County, Alabama",32.170534,-86.452237,11,121863.87325231844,0.0,9916.66,0.0,0.0
PV Modules Materials,"Lowndes County, Alabama",32.170534,-86.452237,12,121384.60132502229,0.0,9916.66,0.0,0.0
PV Modules Materials,"Lowndes County, Alabama",32.170534,-86.452237,13,311623.9840100733,0.0,9744.38,0.0,0.0
PV Modules Materials,"Lowndes County, Alabama",32.170534,-86.452237,14,310530.7443867731,0.0,9744.38,0.0,0.0
PV Modules Materials,"Lowndes County, Alabama",32.170534,-86.452237,15,1357.7496972560211,0.0,9321.16,0.0,0.0
PV Modules Materials,"Lowndes County, Alabama",32.170534,-86.452237,16,1353.4506041172224,0.0,9321.16,0.0,0.0
PV Modules Materials,"Lowndes County, Alabama",32.170534,-86.452237,17,392498.8370225428,0.0,9719.43,0.0,0.0
PV Modules Materials,"Lowndes County, Alabama",32.170534,-86.452237,18,391366.4014848148,0.0,9719.28,0.0,0.0
PV Modules Materials,"Lowndes County, Alabama",32.170534,-86.452237,19,50513.62268846521,0.0,9707.83,0.0,0.0
PV Modules Materials,"Lowndes County, Alabama",32.170534,-86.452237,20,50379.76601285021,0.0,9707.83,0.0,0.0
PV Modules Materials,"Lowndes County, Alabama",32.170534,-86.452237,21,4143.354452835888,0.0,9814.99,0.0,0.0
PV Modules Materials,"Lowndes County, Alabama",32.170534,-86.452237,22,4133.20275857823,0.0,9814.99,0.0,0.0
PV Modules Materials,"Lowndes County, Alabama",32.170534,-86.452237,23,4360.662838243516,0.0,9707.61,0.0,0.0
PV Modules Materials,"Lowndes County, Alabama",32.170534,-86.452237,24,4350.727780416574,0.0,9707.61,0.0,0.0
PV Modules Materials,"Lowndes County, Alabama",32.170534,-86.452237,25,5478.336979025188,0.0,9815.76,0.0,0.0
PV Modules Materials,"Lowndes County, Alabama",32.170534,-86.452237,26,5466.6732232777385,0.0,9815.76,0.0,0.0
PV Modules Materials,"Blue Earth County, Minnesota",43.852946,-93.846415,1,483.9320343359842,0.0,9931.31,0.0,0.0
PV Modules Materials,"Blue Earth County, Minnesota",43.852946,-93.846415,2,475.19086270477845,0.0,9927.3,0.0,0.0
PV Modules Materials,"Blue Earth County, Minnesota",43.852946,-93.846415,3,660.8806030446931,0.0,9906.35,0.0,0.0
PV Modules Materials,"Blue Earth County, Minnesota",43.852946,-93.846415,4,654.5206034444768,0.0,9903.62,0.0,0.0
PV Modules Materials,"Blue Earth County, Minnesota",43.852946,-93.846415,5,924.0284641146839,0.0,9994.75,0.0,0.0
PV Modules Materials,"Blue Earth County, Minnesota",43.852946,-93.846415,6,912.9466120335535,0.0,9985.79,0.0,0.0
PV Modules Materials,"Blue Earth County, Minnesota",43.852946,-93.846415,7,1020.044409773057,0.0,9781.12,0.0,0.0
PV Modules Materials,"Blue Earth County, Minnesota",43.852946,-93.846415,8,1011.008212957036,0.0,9780.32,0.0,0.0
PV Modules Materials,"Blue Earth County, Minnesota",43.852946,-93.846415,9,197.58231238863434,0.0,10018.7,0.0,0.0
PV Modules Materials,"Blue Earth County, Minnesota",43.852946,-93.846415,10,196.6089350417153,0.0,10018.62,0.0,0.0
PV Modules Materials,"Blue Earth County, Minnesota",43.852946,-93.846415,11,665.1202918945601,0.0,9970.33,0.0,0.0
PV Modules Materials,"Blue Earth County, Minnesota",43.852946,-93.846415,12,662.5044757738949,0.0,9970.32,0.0,0.0
PV Modules Materials,"Blue Earth County, Minnesota",43.852946,-93.846415,13,194.77066928053858,0.0,9780.48,0.0,0.0
PV Modules Materials,"Blue Earth County, Minnesota",43.852946,-93.846415,14,194.08737459193944,0.0,9780.48,0.0,0.0
PV Modules Materials,"Blue Earth County, Minnesota",43.852946,-93.846415,15,280.73927753456076,0.0,9379.58,0.0,0.0
PV Modules Materials,"Blue Earth County, Minnesota",43.852946,-93.846415,16,279.850362365381,0.0,9379.58,0.0,0.0
PV Modules Materials,"Blue Earth County, Minnesota",43.852946,-93.846415,17,349.0602042822171,0.0,9770.03,0.0,0.0
PV Modules Materials,"Blue Earth County, Minnesota",43.852946,-93.846415,18,348.0530976545023,0.0,9769.88,0.0,0.0
PV Modules Materials,"Blue Earth County, Minnesota",43.852946,-93.846415,19,192.42671294772438,0.0,9771.4,0.0,0.0
PV Modules Materials,"Blue Earth County, Minnesota",43.852946,-93.846415,20,191.9167990131495,0.0,9771.4,0.0,0.0
PV Modules Materials,"Blue Earth County, Minnesota",43.852946,-93.846415,21,189.43384634536477,0.0,9899.98,0.0,0.0
PV Modules Materials,"Blue Earth County, Minnesota",43.852946,-93.846415,22,188.9697116660751,0.0,9899.98,0.0,0.0
PV Modules Materials,"Blue Earth County, Minnesota",43.852946,-93.846415,23,759.9710874654995,0.0,9773.23,0.0,0.0
PV Modules Materials,"Blue Earth County, Minnesota",43.852946,-93.846415,24,758.2396175076399,0.0,9773.23,0.0,0.0
PV Modules Materials,"Blue Earth County, Minnesota",43.852946,-93.846415,25,307.30867861527315,0.0,9939.19,0.0,0.0
PV Modules Materials,"Blue Earth County, Minnesota",43.852946,-93.846415,26,306.65439732878724,0.0,9939.19,0.0,0.0
PV Modules Materials,"McLean County, Kentucky",37.491531,-87.220327,1,0.0,0.0,0.0,0.0,0.0
PV Modules Materials,"McLean County, Kentucky",37.491531,-87.220327,2,0.0,0.0,0.0,0.0,0.0
PV Modules Materials,"McLean County, Kentucky",37.491531,-87.220327,3,176560.1417784551,0.0,9823.72,0.0,0.0
PV Modules Materials,"McLean County, Kentucky",37.491531,-87.220327,4,174861.01121545807,0.0,9820.99,0.0,0.0
PV Modules Materials,"McLean County, Kentucky",37.491531,-87.220327,5,485166.2522696499,0.0,9918.32,0.0,0.0
PV Modules Materials,"McLean County, Kentucky",37.491531,-87.220327,6,479347.6645840856,0.0,9909.36,0.0,0.0
PV Modules Materials,"McLean County, Kentucky",37.491531,-87.220327,7,46.232176085992336,0.0,9699.91,0.0,0.0
PV Modules Materials,"McLean County, Kentucky",37.491531,-87.220327,8,45.82262230740844,0.0,9699.88,0.0,0.0
PV Modules Materials,"McLean County, Kentucky",37.491531,-87.220327,9,725.7676380793497,0.0,9932.76,0.0,0.0
PV Modules Materials,"McLean County, Kentucky",37.491531,-87.220327,10,722.1921875772633,0.0,9932.76,0.0,0.0
PV Modules Materials,"McLean County, Kentucky",37.491531,-87.220327,11,83.69799015809784,0.0,9891.83,0.0,0.0
PV Modules Materials,"McLean County, Kentucky",37.491531,-87.220327,12,83.36881879678036,0.0,9891.83,0.0,0.0
PV Modules Materials,"McLean County, Kentucky",37.491531,-87.220327,13,110.11778370590821,0.0,9704.8,0.0,0.0
PV Modules Materials,"McLean County, Kentucky",37.491531,-87.220327,14,109.7314683689815,0.0,9704.8,0.0,0.0
PV Modules Materials,"McLean County, Kentucky",37.491531,-87.220327,15,138.65719754445553,0.0,9310.0,0.0,0.0
PV Modules Materials,"McLean County, Kentucky",37.491531,-87.220327,16,138.21816212591474,0.0,9310.0,0.0,0.0
PV Modules Materials,"McLean County, Kentucky",37.491531,-87.220327,17,18269.105364498755,0.0,9691.77,0.0,0.0
PV Modules Materials,"McLean County, Kentucky",37.491531,-87.220327,18,18216.395439765736,0.0,9691.77,0.0,0.0
PV Modules Materials,"McLean County, Kentucky",37.491531,-87.220327,19,210.7034832428692,0.0,9691.77,0.0,0.0
PV Modules Materials,"McLean County, Kentucky",37.491531,-87.220327,20,210.1451374678822,0.0,9691.77,0.0,0.0
PV Modules Materials,"McLean County, Kentucky",37.491531,-87.220327,21,44255.54805610857,0.0,9817.36,0.0,0.0
PV Modules Materials,"McLean County, Kentucky",37.491531,-87.220327,22,44147.11688079282,0.0,9817.36,0.0,0.0
PV Modules Materials,"McLean County, Kentucky",37.491531,-87.220327,23,380.7587970602547,0.0,9692.02,0.0,0.0
PV Modules Materials,"McLean County, Kentucky",37.491531,-87.220327,24,379.89130034995327,0.0,9692.02,0.0,0.0
PV Modules Materials,"McLean County, Kentucky",37.491531,-87.220327,25,777.8430487050996,0.0,9855.49,0.0,0.0
PV Modules Materials,"McLean County, Kentucky",37.491531,-87.220327,26,776.1869674226439,0.0,9855.49,0.0,0.0
PV Modules Materials,"Apache County, Arizona",35.34591,-109.516242,1,24.22727866357516,0.0,10043.64,0.0,0.0
PV Modules Materials,"Apache County, Arizona",35.34591,-109.516242,2,23.789665970201916,0.0,10038.82,0.0,0.0
PV Modules Materials,"Apache County, Arizona",35.34591,-109.516242,3,341.43477798684324,0.0,10007.34,0.0,0.0
PV Modules Materials,"Apache County, Arizona",35.34591,-109.516242,4,338.1489725909942,0.0,10004.61,0.0,0.0
PV Modules Materials,"Apache County, Arizona",35.34591,-109.516242,5,149.13927253144072,0.0,10082.7,0.0,0.0
PV Modules Materials,"Apache County, Arizona",35.34591,-109.516242,6,147.35064867204017,0.0,10078.24,0.0,0.0
PV Modules Materials,"Apache County, Arizona",35.34591,-109.516242,7,112.87924178666356,0.0,9890.52,0.0,0.0
PV Modules Materials,"Apache County, Arizona",35.34591,-109.516242,8,111.8792862597719,0.0,9890.48,0.0,0.0
PV Modules Materials,"Apache County, Arizona",35.34591,-109.516242,9,38.911592173614935,0.0,10110.93,0.0,0.0
PV Modules Materials,"Apache County, Arizona",35.34591,-109.516242,10,38.719896561308055,0.0,10110.93,0.0,0.0
PV Modules Materials,"Apache County, Arizona",35.34591,-109.516242,11,35.48065822349967,0.0,10077.13,0.0,0.0
PV Modules Materials,"Apache County, Arizona",35.34591,-109.516242,12,35.34111823519398,0.0,10077.13,0.0,0.0
PV Modules Materials,"Apache County, Arizona",35.34591,-109.516242,13,31.758085656628708,0.0,9886.14,0.0,0.0
PV Modules Materials,"Apache County, Arizona",35.34591,-109.516242,14,31.646671903575402,0.0,9886.14,0.0,0.0
PV Modules Materials,"Apache County, Arizona",35.34591,-109.516242,15,25.79239614679542,0.0,9496.61,0.0,0.0
PV Modules Materials,"Apache County, Arizona",35.34591,-109.516242,16,25.710728727880156,0.0,9496.61,0.0,0.0
PV Modules Materials,"Apache County, Arizona",35.34591,-109.516242,17,24.009749034290646,0.0,9836.71,0.0,0.0
PV Modules Materials,"Apache County, Arizona",35.34591,-109.516242,18,23.94047623525608,0.0,9836.55,0.0,0.0
PV Modules Materials,"Apache County, Arizona",35.34591,-109.516242,19,25.64473311354537,0.0,9835.9,0.0,0.0
PV Modules Materials,"Apache County, Arizona",35.34591,-109.516242,20,25.576776817027415,0.0,9835.9,0.0,0.0
PV Modules Materials,"Apache County, Arizona",35.34591,-109.516242,21,21.73026666134875,0.0,10005.9,0.0,0.0
PV Modules Materials,"Apache County, Arizona",35.34591,-109.516242,22,21.677025012391493,0.0,10005.9,0.0,0.0
PV Modules Materials,"Apache County, Arizona",35.34591,-109.516242,23,20.929883583439604,0.0,9824.87,0.0,0.0
PV Modules Materials,"Apache County, Arizona",35.34591,-109.516242,24,20.88219826324265,0.0,9824.87,0.0,0.0
PV Modules Materials,"Apache County, Arizona",35.34591,-109.516242,25,17.756956621464237,0.0,9988.59,0.0,0.0
PV Modules Materials,"Apache County, Arizona",35.34591,-109.516242,26,17.719150841052446,0.0,9988.59,0.0,0.0
PV Modules Materials,"Rogers County, Oklahoma",36.28372,-95.631639,1,103100.48410381867,0.0,9923.6,0.0,0.0
PV Modules Materials,"Rogers County, Oklahoma",36.28372,-95.631639,2,101238.19981001597,0.0,9919.12,0.0,0.0
PV Modules Materials,"Rogers County, Oklahoma",36.28372,-95.631639,3,1181.6135176201838,0.0,9886.99,0.0,0.0
PV Modules Materials,"Rogers County, Oklahoma",36.28372,-95.631639,4,1170.242232905437,0.0,9884.27,0.0,0.0
PV Modules Materials,"Rogers County, Oklahoma",36.28372,-95.631639,5,28800.927013346503,0.0,9968.48,0.0,0.0
PV Modules Materials,"Rogers County, Oklahoma",36.28372,-95.631639,6,28455.51815922952,0.0,9964.38,0.0,0.0
PV Modules Materials,"Rogers County, Oklahoma",36.28372,-95.631639,7,20868.718399455705,0.0,9770.32,0.0,0.0
PV Modules Materials,"Rogers County, Oklahoma",36.28372,-95.631639,8,20683.850128085494,0.0,9770.29,0.0,0.0
PV Modules Materials,"Rogers County, Oklahoma",36.28372,-95.631639,9,39232.87246629086,0.0,9997.07,0.0,0.0
PV Modules Materials,"Rogers County, Oklahoma",36.28372,-95.631639,10,39039.594085996694,0.0,9997.07,0.0,0.0
PV Modules Materials,"Rogers County, Oklahoma",36.28372,-95.631639,11,50492.68393297319,0.0,9956.79,0.0,0.0
PV Modules Materials,"Rogers County, Oklahoma",36.28372,-95.631639,12,50294.10394944673,0.0,9956.79,0.0,0.0
PV Modules Materials,"Rogers County, Oklahoma",36.28372,-95.631639,13,21973.047070684755,0.0,9765.8,0.0,0.0
PV Modules Materials,"Rogers County, Oklahoma",36.28372,-95.631639,14,21895.961201384227,0.0,9765.8,0.0,0.0
PV Modules Materials,"Rogers County, Oklahoma",36.28372,-95.631639,15,3798.0159401866554,0.0,9376.26,0.0,0.0
PV Modules Materials,"Rogers County, Oklahoma",36.28372,-95.631639,16,3785.990141688963,0.0,9376.26,0.0,0.0
PV Modules Materials,"Rogers County, Oklahoma",36.28372,-95.631639,17,3547.422303837596,0.0,9716.36,0.0,0.0
PV Modules Materials,"Rogers County, Oklahoma",36.28372,-95.631639,18,3537.1873000483642,0.0,9716.21,0.0,0.0
PV Modules Materials,"Rogers County, Oklahoma",36.28372,-95.631639,19,2628.6518439168603,0.0,9735.7,0.0,0.0
PV Modules Materials,"Rogers County, Oklahoma",36.28372,-95.631639,20,2621.6861467752,0.0,9735.7,0.0,0.0
PV Modules Materials,"Rogers County, Oklahoma",36.28372,-95.631639,21,2744.745033818529,0.0,9886.49,0.0,0.0
PV Modules Materials,"Rogers County, Oklahoma",36.28372,-95.631639,22,2738.020093262338,0.0,9886.49,0.0,0.0
PV Modules Materials,"Rogers County, Oklahoma",36.28372,-95.631639,23,3038.2089749555225,0.0,9719.55,0.0,0.0
PV Modules Materials,"Rogers County, Oklahoma",36.28372,-95.631639,24,3031.286912192085,0.0,9719.55,0.0,0.0
PV Modules Materials,"Rogers County, Oklahoma",36.28372,-95.631639,25,2207.305803300805,0.0,9906.32,0.0,0.0
PV Modules Materials,"Rogers County, Oklahoma",36.28372,-95.631639,26,2202.606297620852,0.0,9906.32,0.0,0.0
PV Modules Materials,"Langlade County, Wisconsin",45.196463,-88.883639,1,1104.2362574588496,0.0,9905.91,0.0,0.0
PV Modules Materials,"Langlade County, Wisconsin",45.196463,-88.883639,2,1084.290649474678,0.0,9902.05,0.0,0.0
PV Modules Materials,"Langlade County, Wisconsin",45.196463,-88.883639,3,88.13109686312546,0.0,9902.07,0.0,0.0
PV Modules Materials,"Langlade County, Wisconsin",45.196463,-88.883639,4,87.28296523657478,0.0,9899.36,0.0,0.0
PV Modules Materials,"Langlade County, Wisconsin",45.196463,-88.883639,5,23380.264411779055,0.0,9980.46,0.0,0.0
PV Modules Materials,"Langlade County, Wisconsin",45.196463,-88.883639,6,23099.865439354227,0.0,9971.5,0.0,0.0
PV Modules Materials,"Langlade County, Wisconsin",45.196463,-88.883639,7,364.6779348320885,0.0,9760.26,0.0,0.0
PV Modules Materials,"Langlade County, Wisconsin",45.196463,-88.883639,8,361.44738764999477,0.0,9759.46,0.0,0.0
PV Modules Materials,"Langlade County, Wisconsin",45.196463,-88.883639,9,558.263900030722,0.0,10015.72,0.0,0.0
PV Modules Materials,"Langlade County, Wisconsin",45.196463,-88.883639,10,555.5136465929361,0.0,10015.64,0.0,0.0
PV Modules Materials,"Langlade County, Wisconsin",45.196463,-88.883639,11,812.7910883560135,0.0,9956.6,0.0,0.0
PV Modules Materials,"Langlade County, Wisconsin",45.196463,-88.883639,12,809.5945056362193,0.0,9956.6,0.0,0.0
PV Modules Materials,"Langlade County, Wisconsin",45.196463,-88.883639,13,1078.4745293729657,0.0,9770.01,0.0,0.0
PV Modules Materials,"Langlade County, Wisconsin",45.196463,-88.883639,14,1074.69102377414,0.0,9770.01,0.0,0.0
PV Modules Materials,"Langlade County, Wisconsin",45.196463,-88.883639,15,1177.729784635137,0.0,9354.34,0.0,0.0
PV Modules Materials,"Langlade County, Wisconsin",45.196463,-88.883639,16,1174.000695211132,0.0,9354.34,0.0,0.0
PV Modules Materials,"Langlade County, Wisconsin",45.196463,-88.883639,17,1172.838781434654,0.0,9741.09,0.0,0.0
PV Modules Materials,"Langlade County, Wisconsin",45.196463,-88.883639,18,1169.4549132780057,0.0,9740.94,0.0,0.0
PV Modules Materials,"Langlade County, Wisconsin",45.196463,-88.883639,19,1043.3898180793112,0.0,9768.71,0.0,0.0
PV Modules Materials,"Langlade County, Wisconsin",45.196463,-88.883639,20,1040.6249264523535,0.0,9768.71,0.0,0.0
PV Modules Materials,"Langlade County, Wisconsin",45.196463,-88.883639,21,1030.3866304782355,0.0,9887.36,0.0,0.0
PV Modules Materials,"Langlade County, Wisconsin",45.196463,-88.883639,22,1027.8620648976505,0.0,9887.11,0.0,0.0
PV Modules Materials,"Langlade County, Wisconsin",45.196463,-88.883639,23,1033.4513851899837,0.0,9767.19,0.0,0.0
PV Modules Materials,"Langlade County, Wisconsin",45.196463,-88.883639,24,1031.0968350552776,0.0,9766.86,0.0,0.0
PV Modules Materials,"Langlade County, Wisconsin",45.196463,-88.883639,25,862.8045636403349,0.0,9925.46,0.0,0.0
PV Modules Materials,"Langlade County, Wisconsin",45.196463,-88.883639,26,860.9675934563877,0.0,9925.32,0.0,0.0
PV Modules Materials,"Delaware County, Ohio",40.177343,-82.818566,1,1274.1094444820114,0.0,9835.6,0.0,0.0
PV Modules Materials,"Delaware County, Ohio",40.177343,-82.818566,2,1251.095449662596,0.0,9831.74,0.0,0.0
PV Modules Materials,"Delaware County, Ohio",40.177343,-82.818566,3,2137.114411860981,0.0,9836.33,0.0,0.0
PV Modules Materials,"Delaware County, Ohio",40.177343,-82.818566,4,2116.5478424346215,0.0,9836.33,0.0,0.0
PV Modules Materials,"Delaware County, Ohio",40.177343,-82.818566,5,3755.3978441434047,0.0,9908.9,0.0,0.0
PV Modules Materials,"Delaware County, Ohio",40.177343,-82.818566,6,3710.3594443204447,0.0,9899.94,0.0,0.0
PV Modules Materials,"Delaware County, Ohio",40.177343,-82.818566,7,5301.601349255697,0.0,9689.36,0.0,0.0
PV Modules Materials,"Delaware County, Ohio",40.177343,-82.818566,8,5254.636420304601,0.0,9688.56,0.0,0.0
PV Modules Materials,"Delaware County, Ohio",40.177343,-82.818566,9,33876.43938860386,0.0,9969.08,0.0,0.0
PV Modules Materials,"Delaware County, Ohio",40.177343,-82.818566,10,33709.54915285097,0.0,9967.52,0.0,0.0
PV Modules Materials,"Delaware County, Ohio",40.177343,-82.818566,11,23568.79329579717,0.0,9895.35,0.0,0.0
PV Modules Materials,"Delaware County, Ohio",40.177343,-82.818566,12,23476.100845725985,0.0,9895.35,0.0,0.0
PV Modules Materials,"Delaware County, Ohio",40.177343,-82.818566,13,10685.142502382332,0.0,9711.48,0.0,0.0
PV Modules Materials,"Delaware County, Ohio",40.177343,-82.818566,14,10647.656873022574,0.0,9711.48,0.0,0.0
PV Modules Materials,"Delaware County, Ohio",40.177343,-82.818566,15,5051.726646243806,0.0,9283.62,0.0,0.0
PV Modules Materials,"Delaware County, Ohio",40.177343,-82.818566,16,5035.731177117319,0.0,9283.62,0.0,0.0
PV Modules Materials,"Delaware County, Ohio",40.177343,-82.818566,17,5508.544236176556,0.0,9674.78,0.0,0.0
PV Modules Materials,"Delaware County, Ohio",40.177343,-82.818566,18,5492.651013915022,0.0,9674.62,0.0,0.0
PV Modules Materials,"Delaware County, Ohio",40.177343,-82.818566,19,5550.4369437405485,0.0,9700.39,0.0,0.0
PV Modules Materials,"Delaware County, Ohio",40.177343,-82.818566,20,5535.728772004739,0.0,9700.39,0.0,0.0
PV Modules Materials,"Delaware County, Ohio",40.177343,-82.818566,21,6617.061102369678,0.0,9817.61,0.0,0.0
PV Modules Materials,"Delaware County, Ohio",40.177343,-82.818566,22,6600.848542725034,0.0,9817.36,0.0,0.0
PV Modules Materials,"Delaware County, Ohio",40.177343,-82.818566,23,6294.609396195949,0.0,9695.39,0.0,0.0
PV Modules Materials,"Delaware County, Ohio",40.177343,-82.818566,24,6280.268157107077,0.0,9695.06,0.0,0.0
PV Modules Materials,"Delaware County, Ohio",40.177343,-82.818566,25,5457.603397909101,0.0,9857.26,0.0,0.0
PV Modules Materials,"Delaware County, Ohio",40.177343,-82.818566,26,5445.983785380084,0.0,9857.12,0.0,0.0
PV Modules Materials,"Kootenai County, Idaho",47.648181,-116.629476,1,254.79836959025195,0.0,10103.29,0.0,0.0
PV Modules Materials,"Kootenai County, Idaho",47.648181,-116.629476,2,250.1959954510903,0.0,10099.29,0.0,0.0
PV Modules Materials,"Kootenai County, Idaho",47.648181,-116.629476,3,395.60424760678,0.0,10072.57,0.0,0.0
PV Modules Materials,"Kootenai County, Idaho",47.648181,-116.629476,4,391.79714108098466,0.0,10069.84,0.0,0.0
PV Modules Materials,"Kootenai County, Idaho",47.648181,-116.629476,5,581.5390070134006,0.0,10162.84,0.0,0.0
PV Modules Materials,"Kootenai County, Idaho",47.648181,-116.629476,6,574.5646231005584,0.0,10155.07,0.0,0.0
PV Modules Materials,"Kootenai County, Idaho",47.648181,-116.629476,7,339.8764739231608,0.0,9950.63,0.0,0.0
PV Modules Materials,"Kootenai County, Idaho",47.648181,-116.629476,8,336.86563372632264,0.0,9950.41,0.0,0.0
PV Modules Materials,"Kootenai County, Idaho",47.648181,-116.629476,9,246.40406331525398,0.0,10185.04,0.0,0.0
PV Modules Materials,"Kootenai County, Idaho",47.648181,-116.629476,10,245.19016855655667,0.0,10185.04,0.0,0.0
PV Modules Materials,"Kootenai County, Idaho",47.648181,-116.629476,11,883.9611146517075,0.0,10140.42,0.0,0.0
PV Modules Materials,"Kootenai County, Idaho",47.648181,-116.629476,12,880.48463113147,0.0,10140.42,0.0,0.0
PV Modules Materials,"Kootenai County, Idaho",47.648181,-116.629476,13,170.075836202211,0.0,9950.57,0.0,0.0
PV Modules Materials,"Kootenai County, Idaho",47.648181,-116.629476,14,169.47917595575143,0.0,9950.57,0.0,0.0
PV Modules Materials,"Kootenai County, Idaho",47.648181,-116.629476,15,142.97785860234958,0.0,9551.57,0.0,0.0
PV Modules Materials,"Kootenai County, Idaho",47.648181,-116.629476,16,142.5251425147233,0.0,9551.57,0.0,0.0
PV Modules Materials,"Kootenai County, Idaho",47.648181,-116.629476,17,155.84090795878973,0.0,9920.09,0.0,0.0
PV Modules Materials,"Kootenai County, Idaho",47.648181,-116.629476,18,155.39127660766755,0.0,9919.94,0.0,0.0
PV Modules Materials,"Kootenai County, Idaho",47.648181,-116.629476,19,169.72398706546983,0.0,9935.73,0.0,0.0
PV Modules Materials,"Kootenai County, Idaho",47.648181,-116.629476,20,169.27423336594165,0.0,9935.73,0.0,0.0
PV Modules Materials,"Kootenai County, Idaho",47.648181,-116.629476,21,59.57042597738737,0.0,10067.16,0.0,0.0
PV Modules Materials,"Kootenai County, Idaho",47.648181,-116.629476,22,59.4244715923101,0.0,10067.16,0.0,0.0
PV Modules Materials,"Kootenai County, Idaho",47.648181,-116.629476,23,188.29160449333614,0.0,9923.28,0.0,0.0
PV Modules Materials,"Kootenai County, Idaho",47.648181,-116.629476,24,187.86261283579216,0.0,9923.28,0.0,0.0
PV Modules Materials,"Kootenai County, Idaho",47.648181,-116.629476,25,210.82564836797968,0.0,10105.79,0.0,0.0
PV Modules Materials,"Kootenai County, Idaho",47.648181,-116.629476,26,210.37678608052335,0.0,10105.79,0.0,0.0
PV Modules Materials,"CAL Fire Lassen Modoc Plumas Unit, California",41.308248,-121.446405,1,56.95184460008296,0.0,10137.4,0.0,0.0
PV Modules Materials,"CAL Fire Lassen Modoc Plumas Unit, California",41.308248,-121.446405,2,55.92313434111824,0.0,10133.15,0.0,0.0
PV Modules Materials,"CAL Fire Lassen Modoc Plumas Unit, California",41.308248,-121.446405,3,1526.858477860878,0.0,10101.82,0.0,0.0
PV Modules Materials,"CAL Fire Lassen Modoc Plumas Unit, California",41.308248,-121.446405,4,1512.1647203742098,0.0,10099.1,0.0,0.0
PV Modules Materials,"CAL Fire Lassen Modoc Plumas Unit, California",41.308248,-121.446405,5,122.13980530953448,0.0,10187.54,0.0,0.0
PV Modules Materials,"CAL Fire Lassen Modoc Plumas Unit, California",41.308248,-121.446405,6,120.67498543847655,0.0,10181.79,0.0,0.0
PV Modules Materials,"CAL Fire Lassen Modoc Plumas Unit, California",41.308248,-121.446405,7,105.39953164161805,0.0,9980.92,0.0,0.0
PV Modules Materials,"CAL Fire Lassen Modoc Plumas Unit, California",41.308248,-121.446405,8,104.46583610532082,0.0,9980.83,0.0,0.0
PV Modules Materials,"CAL Fire Lassen Modoc Plumas Unit, California",41.308248,-121.446405,9,6934.273291994588,0.0,10213.6,0.0,0.0
PV Modules Materials,"CAL Fire Lassen Modoc Plumas Unit, California",41.308248,-121.446405,10,6900.112012788094,0.0,10213.6,0.0,0.0
PV Modules Materials,"CAL Fire Lassen Modoc Plumas Unit, California",41.308248,-121.446405,11,89.21010823821348,0.0,10172.03,0.0,0.0
PV Modules Materials,"CAL Fire Lassen Modoc Plumas Unit, California",41.308248,-121.446405,12,88.85925856169693,0.0,10172.03,0.0,0.0
PV Modules Materials,"CAL Fire Lassen Modoc Plumas Unit, California",41.308248,-121.446405,13,82.42237246192003,0.0,9981.69,0.0,0.0
PV Modules Materials,"CAL Fire Lassen Modoc Plumas Unit, California",41.308248,-121.446405,14,82.13321819894502,0.0,9981.69,0.0,0.0
PV Modules Materials,"CAL Fire Lassen Modoc Plumas Unit, California",41.308248,-121.446405,15,123.00787853404032,0.0,9588.76,0.0,0.0
PV Modules Materials,"CAL Fire Lassen Modoc Plumas Unit, California",41.308248,-121.446405,16,122.61839413371779,0.0,9588.76,0.0,0.0
PV Modules Materials,"CAL Fire Lassen Modoc Plumas Unit, California",41.308248,-121.446405,17,135.7061927211077,0.0,9935.92,0.0,0.0
PV Modules Materials,"CAL Fire Lassen Modoc Plumas Unit, California",41.308248,-121.446405,18,135.31465394231043,0.0,9935.77,0.0,0.0
PV Modules Materials,"CAL Fire Lassen Modoc Plumas Unit, California",41.308248,-121.446405,19,146.0058436885434,0.0,9941.16,0.0,0.0
PV Modules Materials,"CAL Fire Lassen Modoc Plumas Unit, California",41.308248,-121.446405,20,145.61894099148194,0.0,9941.16,0.0,0.0
PV Modules Materials,"CAL Fire Lassen Modoc Plumas Unit, California",41.308248,-121.446405,21,86.9728048328708,0.0,10097.55,0.0,0.0
PV Modules Materials,"CAL Fire Lassen Modoc Plumas Unit, California",41.308248,-121.446405,22,86.7597114725405,0.0,10097.55,0.0,0.0
PV Modules Materials,"CAL Fire Lassen Modoc Plumas Unit, California",41.308248,-121.446405,23,104.5462686715153,0.0,9930.13,0.0,0.0
PV Modules Materials,"CAL Fire Lassen Modoc Plumas Unit, California",41.308248,-121.446405,24,104.3080770792342,0.0,9930.13,0.0,0.0
PV Modules Materials,"CAL Fire Lassen Modoc Plumas Unit, California",41.308248,-121.446405,25,104.8739536585318,0.0,10093.86,0.0,0.0
PV Modules Materials,"CAL Fire Lassen Modoc Plumas Unit, California",41.308248,-121.446405,26,104.65066980716854,0.0,10093.86,0.0,0.0
PV Modules Materials,"Pecos County, Texas",30.794908,-102.512127,1,86615.11222703132,0.0,9979.15,0.0,0.0
PV Modules Materials,"Pecos County, Texas",30.794908,-102.512127,2,85050.60004739955,0.0,9974.6,0.0,0.0
PV Modules Materials,"Pecos County, Texas",30.794908,-102.512127,3,4720.629163179487,0.0,9962.0,0.0,0.0
PV Modules Materials,"Pecos County, Texas",30.794908,-102.512127,4,4675.200080449151,0.0,9959.19,0.0,0.0
PV Modules Materials,"Pecos County, Texas",30.794908,-102.512127,5,1525.746690971569,0.0,10019.44,0.0,0.0
PV Modules Materials,"Pecos County, Texas",30.794908,-102.512127,6,1507.4484460589292,0.0,10015.34,0.0,0.0
PV Modules Materials,"Pecos County, Texas",30.794908,-102.512127,7,1364.2195014746922,0.0,9846.56,0.0,0.0
PV Modules Materials,"Pecos County, Texas",30.794908,-102.512127,8,1352.1343845940244,0.0,9846.56,0.0,0.0
PV Modules Materials,"Pecos County, Texas",30.794908,-102.512127,9,335.91961674405104,0.0,10062.14,0.0,0.0
PV Modules Materials,"Pecos County, Texas",30.794908,-102.512127,10,334.26472900955986,0.0,10061.17,0.0,0.0
PV Modules Materials,"Pecos County, Texas",30.794908,-102.512127,11,373.4568461505462,0.0,10032.14,0.0,0.0
PV Modules Materials,"Pecos County, Texas",30.794908,-102.512127,12,371.98809763927954,0.0,10032.14,0.0,0.0
PV Modules Materials,"Pecos County, Texas",30.794908,-102.512127,13,346.2058722092739,0.0,9848.21,0.0,0.0
PV Modules Materials,"Pecos County, Texas",30.794908,-102.512127,14,344.99131236555473,0.0,9848.21,0.0,0.0
PV Modules Materials,"Pecos County, Texas",30.794908,-102.512127,15,356.45671079279066,0.0,9432.52,0.0,0.0
PV Modules Materials,"Pecos County, Texas",30.794908,-102.512127,16,355.328048711153,0.0,9432.52,0.0,0.0
PV Modules Materials,"Pecos County, Texas",30.794908,-102.512127,17,412.7741045073982,0.0,9801.18,0.0,0.0
PV Modules Materials,"Pecos County, Texas",30.794908,-102.512127,18,411.5831708767563,0.0,9801.02,0.0,0.0
PV Modules Materials,"Pecos County, Texas",30.794908,-102.512127,19,464.33917099054923,0.0,9820.52,0.0,0.0
PV Modules Materials,"Pecos County, Texas",30.794908,-102.512127,20,463.10871285908723,0.0,9820.52,0.0,0.0
PV Modules Materials,"Pecos County, Texas",30.794908,-102.512127,21,664.0545649972847,0.0,9955.31,0.0,0.0
PV Modules Materials,"Pecos County, Texas",30.794908,-102.512127,22,662.4275550489467,0.0,9955.31,0.0,0.0
PV Modules Materials,"Pecos County, Texas",30.794908,-102.512127,23,730.8445582855767,0.0,9804.37,0.0,0.0
PV Modules Materials,"Pecos County, Texas",30.794908,-102.512127,24,729.1794483657286,0.0,9804.37,0.0,0.0
PV Modules Materials,"Pecos County, Texas",30.794908,-102.512127,25,660.8061061835401,0.0,9949.22,0.0,0.0
PV Modules Materials,"Pecos County, Texas",30.794908,-102.512127,26,659.3992045912398,0.0,9949.22,0.0,0.0
PV Modules Materials,"Johnson County, Arkansas",35.492895,-93.590636,1,278.87868493266774,0.0,9905.56,0.0,0.0
PV Modules Materials,"Johnson County, Arkansas",35.492895,-93.590636,2,273.8413526704498,0.0,9901.01,0.0,0.0
PV Modules Materials,"Johnson County, Arkansas",35.492895,-93.590636,3,809.8346632434943,0.0,9871.19,0.0,0.0
PV Modules Materials,"Johnson County, Arkansas",35.492895,-93.590636,4,802.0412008378171,0.0,9868.47,0.0,0.0
PV Modules Materials,"Johnson County, Arkansas",35.492895,-93.590636,5,1855.8146996063404,0.0,9949.68,0.0,0.0
PV Modules Materials,"Johnson County, Arkansas",35.492895,-93.590636,6,1833.5579566706901,0.0,9949.14,0.0,0.0
PV Modules Materials,"Johnson County, Arkansas",35.492895,-93.590636,7,2217.1717929446745,0.0,9754.52,0.0,0.0
PV Modules Materials,"Johnson County, Arkansas",35.492895,-93.590636,8,2197.5306866320248,0.0,9754.52,0.0,0.0
PV Modules Materials,"Johnson County, Arkansas",35.492895,-93.590636,9,2313.5250103659673,0.0,9978.27,0.0,0.0
PV Modules Materials,"Johnson County, Arkansas",35.492895,-93.590636,10,2302.127568917912,0.0,9978.27,0.0,0.0
PV Modules Materials,"Johnson County, Arkansas",35.492895,-93.590636,11,1877.7731903694742,0.0,9948.65,0.0,0.0
PV Modules Materials,"Johnson County, Arkansas",35.492895,-93.590636,12,1870.3881963433114,0.0,9948.65,0.0,0.0
PV Modules Materials,"Johnson County, Arkansas",35.492895,-93.590636,13,90264.21138805324,0.0,9755.21,0.0,0.0
PV Modules Materials,"Johnson County, Arkansas",35.492895,-93.590636,14,89947.54637663305,0.0,9755.21,0.0,0.0
PV Modules Materials,"Johnson County, Arkansas",35.492895,-93.590636,15,28268.641812830727,0.0,9366.42,0.0,0.0
PV Modules Materials,"Johnson County, Arkansas",35.492895,-93.590636,16,28179.133765577033,0.0,9366.42,0.0,0.0
PV Modules Materials,"Johnson County, Arkansas",35.492895,-93.590636,17,695.0262391753446,0.0,9721.67,0.0,0.0
PV Modules Materials,"Johnson County, Arkansas",35.492895,-93.590636,18,693.0209532008278,0.0,9721.51,0.0,0.0
PV Modules Materials,"Johnson County, Arkansas",35.492895,-93.590636,19,490.24428812546074,0.0,9735.57,0.0,0.0
PV Modules Materials,"Johnson County, Arkansas",35.492895,-93.590636,20,488.9451837026314,0.0,9735.57,0.0,0.0
PV Modules Materials,"Johnson County, Arkansas",35.492895,-93.590636,21,762.6564961318376,0.0,9867.75,0.0,0.0
PV Modules Materials,"Johnson County, Arkansas",35.492895,-93.590636,22,760.7879001281699,0.0,9867.75,0.0,0.0
PV Modules Materials,"Johnson County, Arkansas",35.492895,-93.590636,23,1008.5520986111932,0.0,9724.86,0.0,0.0
PV Modules Materials,"Johnson County, Arkansas",35.492895,-93.590636,24,1006.2542774328831,0.0,9724.86,0.0,0.0
PV Modules Materials,"Johnson County, Arkansas",35.492895,-93.590636,25,754.1841741165794,0.0,9887.52,0.0,0.0
PV Modules Materials,"Johnson County, Arkansas",35.492895,-93.590636,26,752.5784642033033,0.0,9887.52,0.0,0.0
PV Modules Materials,"Chickasaw County, Mississippi",33.904831,-88.95058,1,293.3444812754497,0.0,9863.04,0.0,0.0
PV Modules Materials,"Chickasaw County, Mississippi",33.904831,-88.95058,2,288.0458561050494,0.0,9858.49,0.0,0.0
PV Modules Materials,"Chickasaw County, Mississippi",33.904831,-88.95058,3,794.7394576381705,0.0,9836.42,0.0,0.0
PV Modules Materials,"Chickasaw County, Mississippi",33.904831,-88.95058,4,787.0912642889202,0.0,9834.37,0.0,0.0
PV Modules Materials,"Chickasaw County, Mississippi",33.904831,-88.95058,5,191288.98268859403,0.0,9929.9,0.0,0.0
PV Modules Materials,"Chickasaw County, Mississippi",33.904831,-88.95058,6,188994.8583263798,0.0,9921.09,0.0,0.0
PV Modules Materials,"Chickasaw County, Mississippi",33.904831,-88.95058,7,198405.730855659,0.0,9728.66,0.0,0.0
PV Modules Materials,"Chickasaw County, Mississippi",33.904831,-88.95058,8,196648.1277393035,0.0,9728.66,0.0,0.0
PV Modules Materials,"Chickasaw County, Mississippi",33.904831,-88.95058,9,132995.42654627806,0.0,9942.19,0.0,0.0
PV Modules Materials,"Chickasaw County, Mississippi",33.904831,-88.95058,10,132340.23259759432,0.0,9941.22,0.0,0.0
PV Modules Materials,"Chickasaw County, Mississippi",33.904831,-88.95058,11,278473.2775980968,0.0,9927.59,0.0,0.0
PV Modules Materials,"Chickasaw County, Mississippi",33.904831,-88.95058,12,277378.0848974793,0.0,9927.59,0.0,0.0
PV Modules Materials,"Chickasaw County, Mississippi",33.904831,-88.95058,13,3951.152994959739,0.0,9732.34,0.0,0.0
PV Modules Materials,"Chickasaw County, Mississippi",33.904831,-88.95058,14,3937.2915554253823,0.0,9732.34,0.0,0.0
PV Modules Materials,"Chickasaw County, Mississippi",33.904831,-88.95058,15,1028.9822539554104,0.0,9331.34,0.0,0.0
PV Modules Materials,"Chickasaw County, Mississippi",33.904831,-88.95058,16,1025.7241493453594,0.0,9331.34,0.0,0.0
PV Modules Materials,"Chickasaw County, Mississippi",33.904831,-88.95058,17,77064.03563971129,0.0,9705.15,0.0,0.0
PV Modules Materials,"Chickasaw County, Mississippi",33.904831,-88.95058,18,76841.6908977468,0.0,9704.99,0.0,0.0
PV Modules Materials,"Chickasaw County, Mississippi",33.904831,-88.95058,19,732.3463269337739,0.0,9713.99,0.0,0.0
PV Modules Materials,"Chickasaw County, Mississippi",33.904831,-88.95058,20,730.4056733139217,0.0,9713.99,0.0,0.0
PV Modules Materials,"Chickasaw County, Mississippi",33.904831,-88.95058,21,11859.594679396967,0.0,9839.55,0.0,0.0
PV Modules Materials,"Chickasaw County, Mississippi",33.904831,-88.95058,22,11830.537310403932,0.0,9839.55,0.0,0.0
PV Modules Materials,"Chickasaw County, Mississippi",33.904831,-88.95058,23,1326.3666061124554,0.0,9708.34,0.0,0.0
PV Modules Materials,"Chickasaw County, Mississippi",33.904831,-88.95058,24,1323.3446965036956,0.0,9708.34,0.0,0.0
PV Modules Materials,"Chickasaw County, Mississippi",33.904831,-88.95058,25,1057.951792276153,0.0,9844.66,0.0,0.0
PV Modules Materials,"Chickasaw County, Mississippi",33.904831,-88.95058,26,1055.6993402373448,0.0,9844.66,0.0,0.0
PV Modules Materials,"Bingham County, Idaho",43.028681,-112.43279,1,463.6412698432272,0.0,10068.01,0.0,0.0
PV Modules Materials,"Bingham County, Idaho",43.028681,-112.43279,2,455.2666064040301,0.0,10063.76,0.0,0.0
PV Modules Materials,"Bingham County, Idaho",43.028681,-112.43279,3,729.7596440899938,0.0,10032.25,0.0,0.0
PV Modules Materials,"Bingham County, Idaho",43.028681,-112.43279,4,722.7367854627563,0.0,10029.53,0.0,0.0
PV Modules Materials,"Bingham County, Idaho",43.028681,-112.43279,5,1421.0852162959015,0.0,10120.33,0.0,0.0
PV Modules Materials,"Bingham County, Idaho",43.028681,-112.43279,6,1404.0421740377162,0.0,10113.47,0.0,0.0
PV Modules Materials,"Bingham County, Idaho",43.028681,-112.43279,7,24879.381853759034,0.0,9911.08,0.0,0.0
PV Modules Materials,"Bingham County, Idaho",43.028681,-112.43279,8,24658.984595622485,0.0,9910.99,0.0,0.0
PV Modules Materials,"Bingham County, Idaho",43.028681,-112.43279,9,63478.61264106596,0.0,10144.7,0.0,0.0
PV Modules Materials,"Bingham County, Idaho",43.028681,-112.43279,10,63165.88908392323,0.0,10144.7,0.0,0.0
PV Modules Materials,"Bingham County, Idaho",43.028681,-112.43279,11,443.1338050009548,0.0,10102.17,0.0,0.0
PV Modules Materials,"Bingham County, Idaho",43.028681,-112.43279,12,441.391027694565,0.0,10102.17,0.0,0.0
PV Modules Materials,"Bingham County, Idaho",43.028681,-112.43279,13,314.20874041422354,0.0,9911.85,0.0,0.0
PV Modules Materials,"Bingham County, Idaho",43.028681,-112.43279,14,313.1064329454988,0.0,9911.85,0.0,0.0
PV Modules Materials,"Bingham County, Idaho",43.028681,-112.43279,15,324.7892125268407,0.0,9518.25,0.0,0.0
PV Modules Materials,"Bingham County, Idaho",43.028681,-112.43279,16,323.760820417491,0.0,9518.25,0.0,0.0
PV Modules Materials,"Bingham County, Idaho",43.028681,-112.43279,17,359.8321868126843,0.0,9870.85,0.0,0.0
PV Modules Materials,"Bingham County, Idaho",43.028681,-112.43279,18,358.79400091879427,0.0,9870.7,0.0,0.0
PV Modules Materials,"Bingham County, Idaho",43.028681,-112.43279,19,331.06459381786726,0.0,9890.19,0.0,0.0
PV Modules Materials,"Bingham County, Idaho",43.028681,-112.43279,20,330.18730164233676,0.0,9890.19,0.0,0.0
PV Modules Materials,"Bingham County, Idaho",43.028681,-112.43279,21,124.9942187462226,0.0,10027.69,0.0,0.0
PV Modules Materials,"Bingham County, Idaho",43.028681,-112.43279,22,124.68796855519246,0.0,10027.69,0.0,0.0
PV Modules Materials,"Bingham County, Idaho",43.028681,-112.43279,23,326.0885627170756,0.0,9874.04,0.0,0.0
PV Modules Materials,"Bingham County, Idaho",43.028681,-112.43279,24,325.34562320364074,0.0,9874.04,0.0,0.0
PV Modules Materials,"Bingham County, Idaho",43.028681,-112.43279,25,25775.619977202427,0.0,10060.09,0.0,0.0
PV Modules Materials,"Bingham County, Idaho",43.028681,-112.43279,26,25720.741911686524,0.0,10060.09,0.0,0.0
PV Modules Materials,"Jessamine County, Kentucky",37.830503,-84.519316,1,21121.690576792582,0.0,9836.54,0.0,0.0
PV Modules Materials,"Jessamine County, Kentucky",37.830503,-84.519316,2,20740.17352610529,0.0,9832.29,0.0,0.0
PV Modules Materials,"Jessamine County, Kentucky",37.830503,-84.519316,3,15.997833553826016,0.0,9819.97,0.0,0.0
PV Modules Materials,"Jessamine County, Kentucky",37.830503,-84.519316,4,15.843878036690375,0.0,9818.82,0.0,0.0
PV Modules Materials,"Jessamine County, Kentucky",37.830503,-84.519316,5,87.08559010678141,0.0,9899.42,0.0,0.0
PV Modules Materials,"Jessamine County, Kentucky",37.830503,-84.519316,6,86.04117463102446,0.0,9890.46,0.0,0.0
PV Modules Materials,"Jessamine County, Kentucky",37.830503,-84.519316,7,63671.933293274196,0.0,9685.7,0.0,0.0
PV Modules Materials,"Jessamine County, Kentucky",37.830503,-84.519316,8,63107.88714451625,0.0,9683.92,0.0,0.0
PV Modules Materials,"Jessamine County, Kentucky",37.830503,-84.519316,9,605224.6260818357,0.0,9949.44,0.0,0.0
PV Modules Materials,"Jessamine County, Kentucky",37.830503,-84.519316,10,602243.0234590928,0.0,9949.44,0.0,0.0
PV Modules Materials,"Jessamine County, Kentucky",37.830503,-84.519316,11,288.0995110161682,0.0,9873.96,0.0,0.0
PV Modules Materials,"Jessamine County, Kentucky",37.830503,-84.519316,12,286.9664598155723,0.0,9873.96,0.0,0.0
PV Modules Materials,"Jessamine County, Kentucky",37.830503,-84.519316,13,104656.12777483874,0.0,9692.47,0.0,0.0
PV Modules Materials,"Jessamine County, Kentucky",37.830503,-84.519316,14,104288.97302560447,0.0,9692.47,0.0,0.0
PV Modules Materials,"Jessamine County, Kentucky",37.830503,-84.519316,15,122569.12652806395,0.0,9288.56,0.0,0.0
PV Modules Materials,"Jessamine County, Kentucky",37.830503,-84.519316,16,122181.03136446328,0.0,9288.56,0.0,0.0
PV Modules Materials,"Jessamine County, Kentucky",37.830503,-84.519316,17,298652.7407195476,0.0,9682.74,0.0,0.0
PV Modules Materials,"Jessamine County, Kentucky",37.830503,-84.519316,18,297791.06943512737,0.0,9682.58,0.0,0.0
PV Modules Materials,"Jessamine County, Kentucky",37.830503,-84.519316,19,1115.7678698221544,0.0,9690.38,0.0,0.0
PV Modules Materials,"Jessamine County, Kentucky",37.830503,-84.519316,20,1112.8111826977024,0.0,9690.38,0.0,0.0
PV Modules Materials,"Jessamine County, Kentucky",37.830503,-84.519316,21,134943.38893911155,0.0,9809.19,0.0,0.0
PV Modules Materials,"Jessamine County, Kentucky",37.830503,-84.519316,22,134612.76213848518,0.0,9808.95,0.0,0.0
PV Modules Materials,"Jessamine County, Kentucky",37.830503,-84.519316,23,2424.489305140315,0.0,9688.85,0.0,0.0
PV Modules Materials,"Jessamine County, Kentucky",37.830503,-84.519316,24,2418.9655023743408,0.0,9688.85,0.0,0.0
PV Modules Materials,"Jessamine County, Kentucky",37.830503,-84.519316,25,3938.816863944757,0.0,9840.92,0.0,0.0
PV Modules Materials,"Jessamine County, Kentucky",37.830503,-84.519316,26,3930.4308522753618,0.0,9840.92,0.0,0.0
PV Modules Materials,"Piscataquis County, Maine",45.392112,-69.247946,1,737.7568424885302,0.0,9880.52,0.0,0.0
PV Modules Materials,"Piscataquis County, Maine",45.392112,-69.247946,2,724.4308819719107,0.0,9876.66,0.0,0.0
PV Modules Materials,"Piscataquis County, Maine",45.392112,-69.247946,3,17561.82505797647,0.0,9884.39,0.0,0.0
PV Modules Materials,"Piscataquis County, Maine",45.392112,-69.247946,4,17392.818432826294,0.0,9884.01,0.0,0.0
PV Modules Materials,"Piscataquis County, Maine",45.392112,-69.247946,5,2696.8381211547594,0.0,9987.93,0.0,0.0
PV Modules Materials,"Piscataquis County, Maine",45.392112,-69.247946,6,2664.4950037010944,0.0,9978.18,0.0,0.0
PV Modules Materials,"Piscataquis County, Maine",45.392112,-69.247946,7,1570.9626125217612,0.0,9737.08,0.0,0.0
PV Modules Materials,"Piscataquis County, Maine",45.392112,-69.247946,8,1557.0460347518626,0.0,9735.3,0.0,0.0
PV Modules Materials,"Piscataquis County, Maine",45.392112,-69.247946,9,1770.382927345055,0.0,10068.18,0.0,0.0
PV Modules Materials,"Piscataquis County, Maine",45.392112,-69.247946,10,1761.6612426151978,0.0,10066.62,0.0,0.0
PV Modules Materials,"Piscataquis County, Maine",45.392112,-69.247946,11,877.9330497710146,0.0,9984.46,0.0,0.0
PV Modules Materials,"Piscataquis County, Maine",45.392112,-69.247946,12,874.4802737056289,0.0,9984.46,0.0,0.0
PV Modules Materials,"Piscataquis County, Maine",45.392112,-69.247946,13,6133.568056466754,0.0,9785.18,0.0,0.0
PV Modules Materials,"Piscataquis County, Maine",45.392112,-69.247946,14,6112.050265874228,0.0,9785.18,0.0,0.0
PV Modules Materials,"Piscataquis County, Maine",45.392112,-69.247946,15,923.6786818596162,0.0,9332.26,0.0,0.0
PV Modules Materials,"Piscataquis County, Maine",45.392112,-69.247946,16,920.7540038488883,0.0,9332.26,0.0,0.0
PV Modules Materials,"Piscataquis County, Maine",45.392112,-69.247946,17,963.0871973319988,0.0,9719.01,0.0,0.0
PV Modules Materials,"Piscataquis County, Maine",45.392112,-69.247946,18,960.308503319902,0.0,9718.86,0.0,0.0
PV Modules Materials,"Piscataquis County, Maine",45.392112,-69.247946,19,958.2023731586748,0.0,9747.73,0.0,0.0
PV Modules Materials,"Piscataquis County, Maine",45.392112,-69.247946,20,955.6632207991527,0.0,9747.73,0.0,0.0
PV Modules Materials,"Piscataquis County, Maine",45.392112,-69.247946,21,979.9848608979148,0.0,9894.23,0.0,0.0
PV Modules Materials,"Piscataquis County, Maine",45.392112,-69.247946,22,977.5837854412497,0.0,9893.99,0.0,0.0
PV Modules Materials,"Piscataquis County, Maine",45.392112,-69.247946,23,947.257403091184,0.0,9744.48,0.0,0.0
PV Modules Materials,"Piscataquis County, Maine",45.392112,-69.247946,24,945.0992318622204,0.0,9744.15,0.0,0.0
PV Modules Materials,"Piscataquis County, Maine",45.392112,-69.247946,25,33470.43706865077,0.0,9958.38,0.0,0.0
PV Modules Materials,"Piscataquis County, Maine",45.392112,-69.247946,26,33399.176208973135,0.0,9958.25,0.0,0.0
PV Modules Materials,"Orange County, Vermont",44.030425,-72.666036,1,784.1532664738454,0.0,9854.64,0.0,0.0
PV Modules Materials,"Orange County, Vermont",44.030425,-72.666036,2,769.9892562387644,0.0,9850.78,0.0,0.0
PV Modules Materials,"Orange County, Vermont",44.030425,-72.666036,3,1047.9170813218939,0.0,9859.08,0.0,0.0
PV Modules Materials,"Orange County, Vermont",44.030425,-72.666036,4,1037.8324273200024,0.0,9858.7,0.0,0.0
PV Modules Materials,"Orange County, Vermont",44.030425,-72.666036,5,520.849799340021,0.0,9962.05,0.0,0.0
PV Modules Materials,"Orange County, Vermont",44.030425,-72.666036,6,514.6032596965669,0.0,9952.3,0.0,0.0
PV Modules Materials,"Orange County, Vermont",44.030425,-72.666036,7,536.1234753757938,0.0,9710.94,0.0,0.0
PV Modules Materials,"Orange County, Vermont",44.030425,-72.666036,8,531.3741554493579,0.0,9709.42,0.0,0.0
PV Modules Materials,"Orange County, Vermont",44.030425,-72.666036,9,544.4652553758486,0.0,10041.4,0.0,0.0
PV Modules Materials,"Orange County, Vermont",44.030425,-72.666036,10,541.7829801288374,0.0,10039.84,0.0,0.0
PV Modules Materials,"Orange County, Vermont",44.030425,-72.666036,11,7812.192140027439,0.0,9957.91,0.0,0.0
PV Modules Materials,"Orange County, Vermont",44.030425,-72.666036,12,7781.467986236538,0.0,9957.91,0.0,0.0
PV Modules Materials,"Orange County, Vermont",44.030425,-72.666036,13,12496.913260173835,0.0,9760.06,0.0,0.0
PV Modules Materials,"Orange County, Vermont",44.030425,-72.666036,14,12453.071574533475,0.0,9760.06,0.0,0.0
PV Modules Materials,"Orange County, Vermont",44.030425,-72.666036,15,514.6360280796536,0.0,9304.45,0.0,0.0
PV Modules Materials,"Orange County, Vermont",44.030425,-72.666036,16,513.0065169689037,0.0,9304.45,0.0,0.0
PV Modules Materials,"Orange County, Vermont",44.030425,-72.666036,17,550.889117589229,0.0,9691.21,0.0,0.0
PV Modules Materials,"Orange County, Vermont",44.030425,-72.666036,18,549.2996952642153,0.0,9691.05,0.0,0.0
PV Modules Materials,"Orange County, Vermont",44.030425,-72.666036,19,22638.482115699913,0.0,9722.42,0.0,0.0
PV Modules Materials,"Orange County, Vermont",44.030425,-72.666036,20,22578.492121007468,0.0,9722.42,0.0,0.0
PV Modules Materials,"Orange County, Vermont",44.030425,-72.666036,21,11392.581251055917,0.0,9869.11,0.0,0.0
PV Modules Materials,"Orange County, Vermont",44.030425,-72.666036,22,11364.668118597001,0.0,9868.87,0.0,0.0
PV Modules Materials,"Orange County, Vermont",44.030425,-72.666036,23,892.5098158352422,0.0,9719.36,0.0,0.0
PV Modules Materials,"Orange County, Vermont",44.030425,-72.666036,24,890.4763780391183,0.0,9719.03,0.0,0.0
PV Modules Materials,"Orange County, Vermont",44.030425,-72.666036,25,3577.364749672745,0.0,9931.14,0.0,0.0
PV Modules Materials,"Orange County, Vermont",44.030425,-72.666036,26,3569.748294383582,0.0,9931.01,0.0,0.0
PV Modules Materials,"El Paso County, Texas",31.77309,-106.223082,1,39775.98865709668,0.0,10013.53,0.0,0.0
PV Modules Materials,"El Paso County, Texas",31.77309,-106.223082,2,39057.52259371724,0.0,10008.98,0.0,0.0
PV Modules Materials,"El Paso County, Texas",31.77309,-106.223082,3,220364.7925380048,0.0,9990.06,0.0,0.0
PV Modules Materials,"El Paso County, Texas",31.77309,-106.223082,4,218244.1069164468,0.0,9987.33,0.0,0.0
PV Modules Materials,"El Paso County, Texas",31.77309,-106.223082,5,1794.138452092854,0.0,10053.82,0.0,0.0
PV Modules Materials,"El Paso County, Texas",31.77309,-106.223082,6,1772.6213909726532,0.0,10049.72,0.0,0.0
PV Modules Materials,"El Paso County, Texas",31.77309,-106.223082,7,2141.6437077253954,0.0,9873.39,0.0,0.0
PV Modules Materials,"El Paso County, Texas",31.77309,-106.223082,8,2122.67167683401,0.0,9873.39,0.0,0.0
PV Modules Materials,"El Paso County, Texas",31.77309,-106.223082,9,2318.33157221509,0.0,10086.9,0.0,0.0
PV Modules Materials,"El Paso County, Texas",31.77309,-106.223082,10,2306.9104515299423,0.0,10086.9,0.0,0.0
PV Modules Materials,"El Paso County, Texas",31.77309,-106.223082,11,2230.920962781649,0.0,10055.71,0.0,0.0
PV Modules Materials,"El Paso County, Texas",31.77309,-106.223082,12,2222.1470927171063,0.0,10055.71,0.0,0.0
PV Modules Materials,"El Paso County, Texas",31.77309,-106.223082,13,1877.2865161702634,0.0,9871.13,0.0,0.0
PV Modules Materials,"El Paso County, Texas",31.77309,-106.223082,14,1870.7006174298826,0.0,9871.13,0.0,0.0
PV Modules Materials,"El Paso County, Texas",31.77309,-106.223082,15,1612.5385205217815,0.0,9465.66,0.0,0.0
PV Modules Materials,"El Paso County, Texas",31.77309,-106.223082,16,1607.432680098002,0.0,9465.66,0.0,0.0
PV Modules Materials,"El Paso County, Texas",31.77309,-106.223082,17,1508.7659405152572,0.0,9821.69,0.0,0.0
PV Modules Materials,"El Paso County, Texas",31.77309,-106.223082,18,1504.4128571224142,0.0,9821.54,0.0,0.0
PV Modules Materials,"El Paso County, Texas",31.77309,-106.223082,19,1524.8341458240807,0.0,9841.04,0.0,0.0
PV Modules Materials,"El Paso County, Texas",31.77309,-106.223082,20,1520.7934688985101,0.0,9841.04,0.0,0.0
PV Modules Materials,"El Paso County, Texas",31.77309,-106.223082,21,1327.073112676636,0.0,9981.86,0.0,0.0
PV Modules Materials,"El Paso County, Texas",31.77309,-106.223082,22,1323.821631141371,0.0,9981.86,0.0,0.0
PV Modules Materials,"El Paso County, Texas",31.77309,-106.223082,23,1447.1515941851158,0.0,9824.89,0.0,0.0
PV Modules Materials,"El Paso County, Texas",31.77309,-106.223082,24,1443.8544957150195,0.0,9824.89,0.0,0.0
PV Modules Materials,"El Paso County, Texas",31.77309,-106.223082,25,1380.3744187379814,0.0,9981.86,0.0,0.0
PV Modules Materials,"El Paso County, Texas",31.77309,-106.223082,26,1377.4355067795111,0.0,9981.86,0.0,0.0
PV Modules Materials,"Albany County, Wyoming",42.223176,-105.8451,1,88.94127050799192,0.0,10015.84,0.0,0.0
PV Modules Materials,"Albany County, Wyoming",42.223176,-105.8451,2,87.33474137694438,0.0,10011.59,0.0,0.0
PV Modules Materials,"Albany County, Wyoming",42.223176,-105.8451,3,404.3418113886895,0.0,9980.05,0.0,0.0
PV Modules Materials,"Albany County, Wyoming",42.223176,-105.8451,4,400.45061871797816,0.0,9977.32,0.0,0.0
PV Modules Materials,"Albany County, Wyoming",42.223176,-105.8451,5,222.8748863876803,0.0,10068.39,0.0,0.0
PV Modules Materials,"Albany County, Wyoming",42.223176,-105.8451,6,220.20195301012103,0.0,10061.32,0.0,0.0
PV Modules Materials,"Albany County, Wyoming",42.223176,-105.8451,7,217.95173894048176,0.0,9858.87,0.0,0.0
PV Modules Materials,"Albany County, Wyoming",42.223176,-105.8451,8,216.02098495507602,0.0,9858.78,0.0,0.0
PV Modules Materials,"Albany County, Wyoming",42.223176,-105.8451,9,200.41763080034443,0.0,10092.52,0.0,0.0
PV Modules Materials,"Albany County, Wyoming",42.223176,-105.8451,10,199.43028542825203,0.0,10092.52,0.0,0.0
PV Modules Materials,"Albany County, Wyoming",42.223176,-105.8451,11,198.1138369802051,0.0,10049.99,0.0,0.0
PV Modules Materials,"Albany County, Wyoming",42.223176,-105.8451,12,197.33468563748556,0.0,10049.99,0.0,0.0
PV Modules Materials,"Albany County, Wyoming",42.223176,-105.8451,13,126.89967552476622,0.0,9859.64,0.0,0.0
PV Modules Materials,"Albany County, Wyoming",42.223176,-105.8451,14,126.45448593543374,0.0,9859.64,0.0,0.0
PV Modules Materials,"Albany County, Wyoming",42.223176,-105.8451,15,134.23110644478385,0.0,9466.86,0.0,0.0
PV Modules Materials,"Albany County, Wyoming",42.223176,-105.8451,16,133.80608552237356,0.0,9466.86,0.0,0.0
PV Modules Materials,"Albany County, Wyoming",42.223176,-105.8451,17,159.8206630576078,0.0,9820.78,0.0,0.0
PV Modules Materials,"Albany County, Wyoming",42.223176,-105.8451,18,159.35954933843695,0.0,9820.63,0.0,0.0
PV Modules Materials,"Albany County, Wyoming",42.223176,-105.8451,19,182.79370698701797,0.0,9840.12,0.0,0.0
PV Modules Materials,"Albany County, Wyoming",42.223176,-105.8451,20,182.30931967447995,0.0,9840.12,0.0,0.0
PV Modules Materials,"Albany County, Wyoming",42.223176,-105.8451,21,213.65050898544933,0.0,9975.51,0.0,0.0
PV Modules Materials,"Albany County, Wyoming",42.223176,-105.8451,22,213.12704070150156,0.0,9975.51,0.0,0.0
PV Modules Materials,"Albany County, Wyoming",42.223176,-105.8451,23,257.0096433084701,0.0,9823.97,0.0,0.0
PV Modules Materials,"Albany County, Wyoming",42.223176,-105.8451,24,256.4240888267162,0.0,9823.97,0.0,0.0
PV Modules Materials,"Albany County, Wyoming",42.223176,-105.8451,25,272.33360767138566,0.0,10010.26,0.0,0.0
PV Modules Materials,"Albany County, Wyoming",42.223176,-105.8451,26,271.75379071345446,0.0,10010.26,0.0,0.0
PV Modules Materials,"Walton County, Florida",30.602995,-86.023386,1,602236.1504873133,0.0,9847.19,0.0,0.0
PV Modules Materials,"Walton County, Florida",30.602995,-86.023386,2,591358.0742691322,0.0,9842.64,0.0,0.0
PV Modules Materials,"Walton County, Florida",30.602995,-86.023386,3,3821.37502667396,0.0,9811.0,0.0,0.0
PV Modules Materials,"Walton County, Florida",30.602995,-86.023386,4,3784.5999366955975,0.0,9808.2,0.0,0.0
PV Modules Materials,"Walton County, Florida",30.602995,-86.023386,5,5910.202726042931,0.0,9910.73,0.0,0.0
PV Modules Materials,"Walton County, Florida",30.602995,-86.023386,6,5839.321800916611,0.0,9901.77,0.0,0.0
PV Modules Materials,"Walton County, Florida",30.602995,-86.023386,7,5536.544219901983,0.0,9696.74,0.0,0.0
PV Modules Materials,"Walton County, Florida",30.602995,-86.023386,8,5487.498018802984,0.0,9696.74,0.0,0.0
PV Modules Materials,"Walton County, Florida",30.602995,-86.023386,9,1077.076138751264,0.0,9921.02,0.0,0.0
PV Modules Materials,"Walton County, Florida",30.602995,-86.023386,10,1071.7699881060314,0.0,9920.05,0.0,0.0
PV Modules Materials,"Walton County, Florida",30.602995,-86.023386,11,77354.02417498002,0.0,9914.6,0.0,0.0
PV Modules Materials,"Walton County, Florida",30.602995,-86.023386,12,77049.8026591113,0.0,9914.6,0.0,0.0
PV Modules Materials,"Walton County, Florida",30.602995,-86.023386,13,29916.532857823353,0.0,9730.84,0.0,0.0
PV Modules Materials,"Walton County, Florida",30.602995,-86.023386,14,29811.579642441586,0.0,9730.84,0.0,0.0
PV Modules Materials,"Walton County, Florida",30.602995,-86.023386,15,1661.1198607346291,0.0,9329.99,0.0,0.0
PV Modules Materials,"Walton County, Florida",30.602995,-86.023386,16,1655.8601954145488,0.0,9329.99,0.0,0.0
PV Modules Materials,"Walton County, Florida",30.602995,-86.023386,17,1449.4877504096307,0.0,9702.77,0.0,0.0
PV Modules Materials,"Walton County, Florida",30.602995,-86.023386,18,1445.3056961326877,0.0,9702.61,0.0,0.0
PV Modules Materials,"Walton County, Florida",30.602995,-86.023386,19,3972.6293542934254,0.0,9694.29,0.0,0.0
PV Modules Materials,"Walton County, Florida",30.602995,-86.023386,20,3962.102234468822,0.0,9694.29,0.0,0.0
PV Modules Materials,"Walton County, Florida",30.602995,-86.023386,21,1744.3248994164915,0.0,9804.12,0.0,0.0
PV Modules Materials,"Walton County, Florida",30.602995,-86.023386,22,1740.0511030839625,0.0,9804.12,0.0,0.0
PV Modules Materials,"Walton County, Florida",30.602995,-86.023386,23,1910.0576225911998,0.0,9694.29,0.0,0.0
PV Modules Materials,"Walton County, Florida",30.602995,-86.023386,24,1905.705868365487,0.0,9694.29,0.0,0.0
PV Modules Materials,"Walton County, Florida",30.602995,-86.023386,25,1828.0453911209843,0.0,9801.79,0.0,0.0
PV Modules Materials,"Walton County, Florida",30.602995,-86.023386,26,1824.1533569107994,0.0,9801.79,0.0,0.0
PV Modules Materials,"Kent County, Rhode Island",41.666673,-71.596728,1,617.5611567321075,0.0,9838.08,0.0,0.0
PV Modules Materials,"Kent County, Rhode Island",41.666673,-71.596728,2,606.4062678618793,0.0,9834.23,0.0,0.0
PV Modules Materials,"Kent County, Rhode Island",41.666673,-71.596728,3,911.7638876187482,0.0,9841.38,0.0,0.0
PV Modules Materials,"Kent County, Rhode Island",41.666673,-71.596728,4,902.9895069907926,0.0,9841.0,0.0,0.0
PV Modules Materials,"Kent County, Rhode Island",41.666673,-71.596728,5,3533.6835032704994,0.0,9944.95,0.0,0.0
PV Modules Materials,"Kent County, Rhode Island",41.666673,-71.596728,6,3491.304118429478,0.0,9935.2,0.0,0.0
PV Modules Materials,"Kent County, Rhode Island",41.666673,-71.596728,7,1748.683836746328,0.0,9694.64,0.0,0.0
PV Modules Materials,"Kent County, Rhode Island",41.666673,-71.596728,8,1733.1928922674022,0.0,9692.87,0.0,0.0
PV Modules Materials,"Kent County, Rhode Island",41.666673,-71.596728,9,1059.0919731397612,0.0,10025.18,0.0,0.0
PV Modules Materials,"Kent County, Rhode Island",41.666673,-71.596728,10,1053.8744204018915,0.0,10023.62,0.0,0.0
PV Modules Materials,"Kent County, Rhode Island",41.666673,-71.596728,11,6140.862723143185,0.0,9941.68,0.0,0.0
PV Modules Materials,"Kent County, Rhode Island",41.666673,-71.596728,12,6116.711651672738,0.0,9941.68,0.0,0.0
PV Modules Materials,"Kent County, Rhode Island",41.666673,-71.596728,13,755.0782270506363,0.0,9742.18,0.0,0.0
PV Modules Materials,"Kent County, Rhode Island",41.666673,-71.596728,14,752.4292607359117,0.0,9742.18,0.0,0.0
PV Modules Materials,"Kent County, Rhode Island",41.666673,-71.596728,15,598.2571209238731,0.0,9292.65,0.0,0.0
PV Modules Materials,"Kent County, Rhode Island",41.666673,-71.596728,16,596.3628372506754,0.0,9292.65,0.0,0.0
PV Modules Materials,"Kent County, Rhode Island",41.666673,-71.596728,17,1370.650927433427,0.0,9679.4,0.0,0.0
PV Modules Materials,"Kent County, Rhode Island",41.666673,-71.596728,18,1366.6963327349551,0.0,9679.24,0.0,0.0
PV Modules Materials,"Kent County, Rhode Island",41.666673,-71.596728,19,9.737193935819626,0.0,9704.72,0.0,0.0
PV Modules Materials,"Kent County, Rhode Island",41.666673,-71.596728,20,9.711391224774609,0.0,9704.72,0.0,0.0
PV Modules Materials,"Kent County, Rhode Island",41.666673,-71.596728,21,80.4977250859736,0.0,9851.23,0.0,0.0
PV Modules Materials,"Kent County, Rhode Island",41.666673,-71.596728,22,80.30049641466104,0.0,9850.98,0.0,0.0
PV Modules Materials,"Kent County, Rhode Island",41.666673,-71.596728,23,10750.532003689763,0.0,9701.48,0.0,0.0
PV Modules Materials,"Kent County, Rhode Island",41.666673,-71.596728,24,10726.038672953358,0.0,9701.15,0.0,0.0
PV Modules Materials,"Kent County, Rhode Island",41.666673,-71.596728,25,179350.25285130064,0.0,9915.85,0.0,0.0
PV Modules Materials,"Kent County, Rhode Island",41.666673,-71.596728,26,178968.403843014,0.0,9915.72,0.0,0.0
PV Modules Materials,"Waukesha County, Wisconsin",43.072624,-88.235658,1,606.0061009213902,0.0,9888.89,0.0,0.0
PV Modules Materials,"Waukesha County, Wisconsin",43.072624,-88.235658,2,595.0599288107132,0.0,9885.04,0.0,0.0
PV Modules Materials,"Waukesha County, Wisconsin",43.072624,-88.235658,3,1190.9265702107787,0.0,9878.84,0.0,0.0
PV Modules Materials,"Waukesha County, Wisconsin",43.072624,-88.235658,4,1179.465661121402,0.0,9876.12,0.0,0.0
PV Modules Materials,"Waukesha County, Wisconsin",43.072624,-88.235658,5,2639.2185854435024,0.0,9959.91,0.0,0.0
PV Modules Materials,"Waukesha County, Wisconsin",43.072624,-88.235658,6,2607.5664977541073,0.0,9950.95,0.0,0.0
PV Modules Materials,"Waukesha County, Wisconsin",43.072624,-88.235658,7,3312.6033222442193,0.0,9742.44,0.0,0.0
PV Modules Materials,"Waukesha County, Wisconsin",43.072624,-88.235658,8,3283.2581924573083,0.0,9741.64,0.0,0.0
PV Modules Materials,"Waukesha County, Wisconsin",43.072624,-88.235658,9,3666.7627188814818,0.0,9992.48,0.0,0.0
PV Modules Materials,"Waukesha County, Wisconsin",43.072624,-88.235658,10,3648.698633468482,0.0,9992.4,0.0,0.0
PV Modules Materials,"Waukesha County, Wisconsin",43.072624,-88.235658,11,10691.26052113899,0.0,9934.45,0.0,0.0
PV Modules Materials,"Waukesha County, Wisconsin",43.072624,-88.235658,12,10649.213432872046,0.0,9934.45,0.0,0.0
PV Modules Materials,"Waukesha County, Wisconsin",43.072624,-88.235658,13,3169.5440613374135,0.0,9747.03,0.0,0.0
PV Modules Materials,"Waukesha County, Wisconsin",43.072624,-88.235658,14,3158.424663173447,0.0,9747.03,0.0,0.0
PV Modules Materials,"Waukesha County, Wisconsin",43.072624,-88.235658,15,2107.8631730217007,0.0,9336.91,0.0,0.0
PV Modules Materials,"Waukesha County, Wisconsin",43.072624,-88.235658,16,2101.188967810698,0.0,9336.91,0.0,0.0
PV Modules Materials,"Waukesha County, Wisconsin",43.072624,-88.235658,17,1762.7405010653047,0.0,9726.19,0.0,0.0
PV Modules Materials,"Waukesha County, Wisconsin",43.072624,-88.235658,18,1757.6546516336439,0.0,9726.04,0.0,0.0
PV Modules Materials,"Waukesha County, Wisconsin",43.072624,-88.235658,19,141750.6537964175,0.0,9745.73,0.0,0.0
PV Modules Materials,"Waukesha County, Wisconsin",43.072624,-88.235658,20,141375.02697985628,0.0,9745.73,0.0,0.0
PV Modules Materials,"Waukesha County, Wisconsin",43.072624,-88.235658,21,8322.450860816189,0.0,9866.42,0.0,0.0
PV Modules Materials,"Waukesha County, Wisconsin",43.072624,-88.235658,22,8302.059900405942,0.0,9866.18,0.0,0.0
PV Modules Materials,"Waukesha County, Wisconsin",43.072624,-88.235658,23,106420.59895038829,0.0,9747.7,0.0,0.0
PV Modules Materials,"Waukesha County, Wisconsin",43.072624,-88.235658,24,106178.13700279692,0.0,9747.7,0.0,0.0
PV Modules Materials,"Waukesha County, Wisconsin",43.072624,-88.235658,25,1001.4989584321429,0.0,9904.38,0.0,0.0
PV Modules Materials,"Waukesha County, Wisconsin",43.072624,-88.235658,26,999.3666983544583,0.0,9904.38,0.0,0.0
PV Modules Materials,"Laurens County, South Carolina",34.683402,-82.058502,1,502768.09664248966,0.0,9830.11,0.0,0.0
PV Modules Materials,"Laurens County, South Carolina",34.683402,-82.058502,2,493686.6928261938,0.0,9826.25,0.0,0.0
PV Modules Materials,"Laurens County, South Carolina",34.683402,-82.058502,3,192891.0175803774,0.0,9820.31,0.0,0.0
PV Modules Materials,"Laurens County, South Carolina",34.683402,-82.058502,4,191034.72646055228,0.0,9820.31,0.0,0.0
PV Modules Materials,"Laurens County, South Carolina",34.683402,-82.058502,5,160833.27576049644,0.0,9901.23,0.0,0.0
PV Modules Materials,"Laurens County, South Carolina",34.683402,-82.058502,6,158904.40598979185,0.0,9892.26,0.0,0.0
PV Modules Materials,"Laurens County, South Carolina",34.683402,-82.058502,7,89677.01733097606,0.0,9686.67,0.0,0.0
PV Modules Materials,"Laurens County, South Carolina",34.683402,-82.058502,8,88882.60174405403,0.0,9684.89,0.0,0.0
PV Modules Materials,"Laurens County, South Carolina",34.683402,-82.058502,9,98183.37187910655,0.0,9930.19,0.0,0.0
PV Modules Materials,"Laurens County, South Carolina",34.683402,-82.058502,10,97699.67741842393,0.0,9930.19,0.0,0.0
PV Modules Materials,"Laurens County, South Carolina",34.683402,-82.058502,11,62407.93196704999,0.0,9903.8,0.0,0.0
PV Modules Materials,"Laurens County, South Carolina",34.683402,-82.058502,12,62162.49114005046,0.0,9903.8,0.0,0.0
PV Modules Materials,"Laurens County, South Carolina",34.683402,-82.058502,13,120720.45028783666,0.0,9709.37,0.0,0.0
PV Modules Materials,"Laurens County, South Carolina",34.683402,-82.058502,14,120296.93866367033,0.0,9709.37,0.0,0.0
PV Modules Materials,"Laurens County, South Carolina",34.683402,-82.058502,15,37785.59894819824,0.0,9273.75,0.0,0.0
PV Modules Materials,"Laurens County, South Carolina",34.683402,-82.058502,16,37665.9570071896,0.0,9273.75,0.0,0.0
PV Modules Materials,"Laurens County, South Carolina",34.683402,-82.058502,17,2244.899438186118,0.0,9671.91,0.0,0.0
PV Modules Materials,"Laurens County, South Carolina",34.683402,-82.058502,18,2238.4224663772025,0.0,9671.76,0.0,0.0
PV Modules Materials,"Laurens County, South Carolina",34.683402,-82.058502,19,65020.33906542386,0.0,9690.55,0.0,0.0
PV Modules Materials,"Laurens County, South Carolina",34.683402,-82.058502,20,64848.040862059286,0.0,9690.55,0.0,0.0
PV Modules Materials,"Laurens County, South Carolina",34.683402,-82.058502,21,401330.93517091346,0.0,9820.55,0.0,0.0
PV Modules Materials,"Laurens County, South Carolina",34.683402,-82.058502,22,400347.6282884414,0.0,9820.31,0.0,0.0
PV Modules Materials,"Laurens County, South Carolina",34.683402,-82.058502,23,3161.8035466052006,0.0,9678.21,0.0,0.0
PV Modules Materials,"Laurens County, South Carolina",34.683402,-82.058502,24,3154.5998938032794,0.0,9678.21,0.0,0.0
PV Modules Materials,"Laurens County, South Carolina",34.683402,-82.058502,25,2648.8695952128937,0.0,9815.67,0.0,0.0
PV Modules Materials,"Laurens County, South Carolina",34.683402,-82.058502,26,2643.229969887964,0.0,9815.67,0.0,0.0
PV Modules Materials,"Caldwell County, Missouri",39.680105,-93.935516,1,334.12518578317054,0.0,9915.99,0.0,0.0
PV Modules Materials,"Caldwell County, Missouri",39.680105,-93.935516,2,328.0899465594505,0.0,9911.75,0.0,0.0
PV Modules Materials,"Caldwell County, Missouri",39.680105,-93.935516,3,566.8956713174907,0.0,9880.13,0.0,0.0
PV Modules Materials,"Caldwell County, Missouri",39.680105,-93.935516,4,561.4401378575385,0.0,9877.4,0.0,0.0
PV Modules Materials,"Caldwell County, Missouri",39.680105,-93.935516,5,1143.5915929455962,0.0,9969.46,0.0,0.0
PV Modules Materials,"Caldwell County, Missouri",39.680105,-93.935516,6,1129.8765253189845,0.0,9962.01,0.0,0.0
PV Modules Materials,"Caldwell County, Missouri",39.680105,-93.935516,7,1314.1780233777072,0.0,9758.93,0.0,0.0
PV Modules Materials,"Caldwell County, Missouri",39.680105,-93.935516,8,1302.5362054757084,0.0,9758.83,0.0,0.0
PV Modules Materials,"Caldwell County, Missouri",39.680105,-93.935516,9,1479.6396097075597,0.0,9992.6,0.0,0.0
PV Modules Materials,"Caldwell County, Missouri",39.680105,-93.935516,10,1472.3502543989707,0.0,9992.6,0.0,0.0
PV Modules Materials,"Caldwell County, Missouri",39.680105,-93.935516,11,1727.100760973301,0.0,9950.09,0.0,0.0
PV Modules Materials,"Caldwell County, Missouri",39.680105,-93.935516,12,1720.3083385083391,0.0,9950.09,0.0,0.0
PV Modules Materials,"Caldwell County, Missouri",39.680105,-93.935516,13,12370.994102922788,0.0,9759.69,0.0,0.0
PV Modules Materials,"Caldwell County, Missouri",39.680105,-93.935516,14,12327.594167016414,0.0,9759.69,0.0,0.0
PV Modules Materials,"Caldwell County, Missouri",39.680105,-93.935516,15,2040.0230853093467,0.0,9369.12,0.0,0.0
PV Modules Materials,"Caldwell County, Missouri",39.680105,-93.935516,16,2033.5636846799316,0.0,9369.12,0.0,0.0
PV Modules Materials,"Caldwell County, Missouri",39.680105,-93.935516,17,2237.7252801525765,0.0,9741.15,0.0,0.0
PV Modules Materials,"Caldwell County, Missouri",39.680105,-93.935516,18,2231.2690071859083,0.0,9741.15,0.0,0.0
PV Modules Materials,"Caldwell County, Missouri",39.680105,-93.935516,19,2404.9307061011946,0.0,9742.33,0.0,0.0
PV Modules Materials,"Caldwell County, Missouri",39.680105,-93.935516,20,2398.557850378917,0.0,9742.33,0.0,0.0
PV Modules Materials,"Caldwell County, Missouri",39.680105,-93.935516,21,1645.153164455113,0.0,9875.61,0.0,0.0
PV Modules Materials,"Caldwell County, Missouri",39.680105,-93.935516,22,1641.1223502627295,0.0,9875.61,0.0,0.0
PV Modules Materials,"Caldwell County, Missouri",39.680105,-93.935516,23,1919.3626599047348,0.0,9742.34,0.0,0.0
PV Modules Materials,"Caldwell County, Missouri",39.680105,-93.935516,24,1914.9897056717714,0.0,9742.34,0.0,0.0
PV Modules Materials,"Caldwell County, Missouri",39.680105,-93.935516,25,2943.4764426660995,0.0,9913.0,0.0,0.0
PV Modules Materials,"Caldwell County, Missouri",39.680105,-93.935516,26,2937.2095791257448,0.0,9913.0,0.0,0.0
PV Modules Materials,"Suffolk County, New York",40.802913,-73.258553,1,6060.79627861162,0.0,9822.4,0.0,0.0
PV Modules Materials,"Suffolk County, New York",40.802913,-73.258553,2,5951.321276474574,0.0,9818.54,0.0,0.0
PV Modules Materials,"Suffolk County, New York",40.802913,-73.258553,3,7614.839554603422,0.0,9826.16,0.0,0.0
PV Modules Materials,"Suffolk County, New York",40.802913,-73.258553,4,7541.557971969782,0.0,9825.78,0.0,0.0
PV Modules Materials,"Suffolk County, New York",40.802913,-73.258553,5,8611.012994583427,0.0,9929.72,0.0,0.0
PV Modules Materials,"Suffolk County, New York",40.802913,-73.258553,6,8507.741314131361,0.0,9919.96,0.0,0.0
PV Modules Materials,"Suffolk County, New York",40.802913,-73.258553,7,7502.275371235857,0.0,9678.96,0.0,0.0
PV Modules Materials,"Suffolk County, New York",40.802913,-73.258553,8,7435.815483633951,0.0,9677.18,0.0,0.0
PV Modules Materials,"Suffolk County, New York",40.802913,-73.258553,9,6143.765070718602,0.0,10009.95,0.0,0.0
PV Modules Materials,"Suffolk County, New York",40.802913,-73.258553,10,6113.498182593177,0.0,10008.39,0.0,0.0
PV Modules Materials,"Suffolk County, New York",40.802913,-73.258553,11,4910.354044225221,0.0,9926.32,0.0,0.0
PV Modules Materials,"Suffolk County, New York",40.802913,-73.258553,12,4891.042374706808,0.0,9926.32,0.0,0.0
PV Modules Materials,"Suffolk County, New York",40.802913,-73.258553,13,3811.689753927605,0.0,9726.95,0.0,0.0
PV Modules Materials,"Suffolk County, New York",40.802913,-73.258553,14,3798.3175794977124,0.0,9726.95,0.0,0.0
PV Modules Materials,"Suffolk County, New York",40.802913,-73.258553,15,391.54914946483103,0.0,9276.36,0.0,0.0
PV Modules Materials,"Suffolk County, New York",40.802913,-73.258553,16,390.3093728952847,0.0,9276.36,0.0,0.0
PV Modules Materials,"Suffolk County, New York",40.802913,-73.258553,17,455.3737855655903,0.0,9663.11,0.0,0.0
PV Modules Materials,"Suffolk County, New York",40.802913,-73.258553,18,454.0599435638252,0.0,9662.96,0.0,0.0
PV Modules Materials,"Suffolk County, New York",40.802913,-73.258553,19,1568.8858620716767,0.0,9689.5,0.0,0.0
PV Modules Materials,"Suffolk County, New York",40.802913,-73.258553,20,1564.7284519565583,0.0,9689.5,0.0,0.0
PV Modules Materials,"Suffolk County, New York",40.802913,-73.258553,21,556.7501339763912,0.0,9836.0,0.0,0.0
PV Modules Materials,"Suffolk County, New York",40.802913,-73.258553,22,555.3860322075526,0.0,9835.76,0.0,0.0
PV Modules Materials,"Suffolk County, New York",40.802913,-73.258553,23,872.8429421569581,0.0,9686.25,0.0,0.0
PV Modules Materials,"Suffolk County, New York",40.802913,-73.258553,24,870.8543121193151,0.0,9685.92,0.0,0.0
PV Modules Materials,"Suffolk County, New York",40.802913,-73.258553,25,1797.4069242314772,0.0,9900.48,0.0,0.0
PV Modules Materials,"Suffolk County, New York",40.802913,-73.258553,26,1793.5801214219246,0.0,9900.36,0.0,0.0
PV Modules Materials,"Lyon County, Minnesota",44.421387,-95.741817,1,148.48049752285277,0.0,9947.04,0.0,0.0
PV Modules Materials,"Lyon County, Minnesota",44.421387,-95.741817,2,145.79852273993734,0.0,9943.04,0.0,0.0
PV Modules Materials,"Lyon County, Minnesota",44.421387,-95.741817,3,221.68467796619288,0.0,9920.94,0.0,0.0
PV Modules Materials,"Lyon County, Minnesota",44.421387,-95.741817,4,219.55129039702598,0.0,9918.21,0.0,0.0
PV Modules Materials,"Lyon County, Minnesota",44.421387,-95.741817,5,356.041382857108,0.0,10010.0,0.0,0.0
PV Modules Materials,"Lyon County, Minnesota",44.421387,-95.741817,6,351.77138675545785,0.0,10001.04,0.0,0.0
PV Modules Materials,"Lyon County, Minnesota",44.421387,-95.741817,7,36003.486774776706,0.0,9796.36,0.0,0.0
PV Modules Materials,"Lyon County, Minnesota",44.421387,-95.741817,8,35684.545178270855,0.0,9795.56,0.0,0.0
PV Modules Materials,"Lyon County, Minnesota",44.421387,-95.741817,9,66.02281331975172,0.0,10033.1,0.0,0.0
PV Modules Materials,"Lyon County, Minnesota",44.421387,-95.741817,10,65.6975559113917,0.0,10033.02,0.0,0.0
PV Modules Materials,"Lyon County, Minnesota",44.421387,-95.741817,11,80200.6611969213,0.0,9985.58,0.0,0.0
PV Modules Materials,"Lyon County, Minnesota",44.421387,-95.741817,12,79885.24429413924,0.0,9985.57,0.0,0.0
PV Modules Materials,"Lyon County, Minnesota",44.421387,-95.741817,13,83.03313184051167,0.0,9795.72,0.0,0.0
PV Modules Materials,"Lyon County, Minnesota",44.421387,-95.741817,14,82.741834910774,0.0,9795.72,0.0,0.0
PV Modules Materials,"Lyon County, Minnesota",44.421387,-95.741817,15,133.15095567042053,0.0,9395.31,0.0,0.0
PV Modules Materials,"Lyon County, Minnesota",44.421387,-95.741817,16,132.72935486940096,0.0,9395.31,0.0,0.0
PV Modules Materials,"Lyon County, Minnesota",44.421387,-95.741817,17,143.53488769469664,0.0,9785.64,0.0,0.0
PV Modules Materials,"Lyon County, Minnesota",44.421387,-95.741817,18,143.12076160718428,0.0,9785.49,0.0,0.0
PV Modules Materials,"Lyon County, Minnesota",44.421387,-95.741817,19,117.62736473871104,0.0,9785.8,0.0,0.0
PV Modules Materials,"Lyon County, Minnesota",44.421387,-95.741817,20,117.31566252518374,0.0,9785.8,0.0,0.0
PV Modules Materials,"Lyon County, Minnesota",44.421387,-95.741817,21,139.0580598195474,0.0,9914.57,0.0,0.0
PV Modules Materials,"Lyon County, Minnesota",44.421387,-95.741817,22,138.71735160270995,0.0,9914.57,0.0,0.0
PV Modules Materials,"Lyon County, Minnesota",44.421387,-95.741817,23,20151.192807552692,0.0,9787.44,0.0,0.0
PV Modules Materials,"Lyon County, Minnesota",44.421387,-95.741817,24,20105.281607065222,0.0,9787.44,0.0,0.0
PV Modules Materials,"Lyon County, Minnesota",44.421387,-95.741817,25,188.5267789995956,0.0,9954.44,0.0,0.0
PV Modules Materials,"Lyon County, Minnesota",44.421387,-95.741817,26,188.1253925367833,0.0,9954.44,0.0,0.0
PV Modules Materials,"Iron County, Missouri",37.67809,-91.062364,1,3806.3746922477085,0.0,9886.88,0.0,0.0
PV Modules Materials,"Iron County, Missouri",37.67809,-91.062364,2,3737.6208753542487,0.0,9882.55,0.0,0.0
PV Modules Materials,"Iron County, Missouri",37.67809,-91.062364,3,48.87916516260955,0.0,9850.88,0.0,0.0
PV Modules Materials,"Iron County, Missouri",37.67809,-91.062364,4,48.40877539861752,0.0,9848.16,0.0,0.0
PV Modules Materials,"Iron County, Missouri",37.67809,-91.062364,5,115.70993159846806,0.0,9938.01,0.0,0.0
PV Modules Materials,"Iron County, Missouri",37.67809,-91.062364,6,114.32222505468698,0.0,9930.97,0.0,0.0
PV Modules Materials,"Iron County, Missouri",37.67809,-91.062364,7,127.65237404197252,0.0,9730.73,0.0,0.0
PV Modules Materials,"Iron County, Missouri",37.67809,-91.062364,8,126.52154879081291,0.0,9730.7,0.0,0.0
PV Modules Materials,"Iron County, Missouri",37.67809,-91.062364,9,135.8260511884503,0.0,9962.2,0.0,0.0
PV Modules Materials,"Iron County, Missouri",37.67809,-91.062364,10,135.1569123381657,0.0,9962.2,0.0,0.0
PV Modules Materials,"Iron County, Missouri",37.67809,-91.062364,11,155.62260423598042,0.0,9922.76,0.0,0.0
PV Modules Materials,"Iron County, Missouri",37.67809,-91.062364,12,155.01056439617818,0.0,9922.76,0.0,0.0
PV Modules Materials,"Iron County, Missouri",37.67809,-91.062364,13,183.03398291100524,0.0,9730.93,0.0,0.0
PV Modules Materials,"Iron County, Missouri",37.67809,-91.062364,14,182.3918628791842,0.0,9730.93,0.0,0.0
PV Modules Materials,"Iron County, Missouri",37.67809,-91.062364,15,203.67826329862578,0.0,9342.73,0.0,0.0
PV Modules Materials,"Iron County, Missouri",37.67809,-91.062364,16,203.03334927210142,0.0,9342.73,0.0,0.0
PV Modules Materials,"Iron County, Missouri",37.67809,-91.062364,17,233.9969848681558,0.0,9710.11,0.0,0.0
PV Modules Materials,"Iron County, Missouri",37.67809,-91.062364,18,233.32185802345975,0.0,9710.11,0.0,0.0
PV Modules Materials,"Iron County, Missouri",37.67809,-91.062364,19,251.2925179434422,0.0,9711.29,0.0,0.0
PV Modules Materials,"Iron County, Missouri",37.67809,-91.062364,20,250.6266147817093,0.0,9711.29,0.0,0.0
PV Modules Materials,"Iron County, Missouri",37.67809,-91.062364,21,146.64676416559237,0.0,9847.72,0.0,0.0
PV Modules Materials,"Iron County, Missouri",37.67809,-91.062364,22,146.28746275157377,0.0,9847.72,0.0,0.0
PV Modules Materials,"Iron County, Missouri",37.67809,-91.062364,23,158.54640151044333,0.0,9711.3,0.0,0.0
PV Modules Materials,"Iron County, Missouri",37.67809,-91.062364,24,158.1851794380911,0.0,9711.3,0.0,0.0
PV Modules Materials,"Iron County, Missouri",37.67809,-91.062364,25,313.2362261688943,0.0,9881.11,0.0,0.0
PV Modules Materials,"Iron County, Missouri",37.67809,-91.062364,26,312.5693247264902,0.0,9881.11,0.0,0.0
PV Modules Materials,"Marion County, Texas",32.862173,-94.524129,1,210.57767547752354,0.0,9913.02,0.0,0.0
PV Modules Materials,"Marion County, Texas",32.862173,-94.524129,2,206.7740512649313,0.0,9908.47,0.0,0.0
PV Modules Materials,"Marion County, Texas",32.862173,-94.524129,3,512.4172486988562,0.0,9886.55,0.0,0.0
PV Modules Materials,"Marion County, Texas",32.862173,-94.524129,4,507.4859895851002,0.0,9884.51,0.0,0.0
PV Modules Materials,"Marion County, Texas",32.862173,-94.524129,5,28148.153441638395,0.0,9954.31,0.0,0.0
PV Modules Materials,"Marion County, Texas",32.862173,-94.524129,6,27810.573285927432,0.0,9951.84,0.0,0.0
PV Modules Materials,"Marion County, Texas",32.862173,-94.524129,7,119777.77621774146,0.0,9772.24,0.0,0.0
PV Modules Materials,"Marion County, Texas",32.862173,-94.524129,8,118716.70912132984,0.0,9772.24,0.0,0.0
PV Modules Materials,"Marion County, Texas",32.862173,-94.524129,9,6127.625779030941,0.0,9992.03,0.0,0.0
PV Modules Materials,"Marion County, Texas",32.862173,-94.524129,10,6097.438400152746,0.0,9991.06,0.0,0.0
PV Modules Materials,"Marion County, Texas",32.862173,-94.524129,11,295735.7790399395,0.0,9971.2,0.0,0.0
PV Modules Materials,"Marion County, Texas",32.862173,-94.524129,12,294572.6955681263,0.0,9971.2,0.0,0.0
PV Modules Materials,"Marion County, Texas",32.862173,-94.524129,13,1607.34255441723,0.0,9776.2,0.0,0.0
PV Modules Materials,"Marion County, Texas",32.862173,-94.524129,14,1601.7036733975697,0.0,9776.2,0.0,0.0
PV Modules Materials,"Marion County, Texas",32.862173,-94.524129,15,1517.3516535618128,0.0,9361.95,0.0,0.0
PV Modules Materials,"Marion County, Texas",32.862173,-94.524129,16,1512.5472068393015,0.0,9361.95,0.0,0.0
PV Modules Materials,"Marion County, Texas",32.862173,-94.524129,17,1417.7016670528562,0.0,9737.22,0.0,0.0
PV Modules Materials,"Marion County, Texas",32.862173,-94.524129,18,1413.6113218129926,0.0,9737.06,0.0,0.0
PV Modules Materials,"Marion County, Texas",32.862173,-94.524129,19,1322.6181735917858,0.0,9757.42,0.0,0.0
PV Modules Materials,"Marion County, Texas",32.862173,-94.524129,20,1319.1133512804493,0.0,9757.42,0.0,0.0
PV Modules Materials,"Marion County, Texas",32.862173,-94.524129,21,1382.6289857921238,0.0,9883.3,0.0,0.0
PV Modules Materials,"Marion County, Texas",32.862173,-94.524129,22,1379.2413859873495,0.0,9883.3,0.0,0.0
PV Modules Materials,"Marion County, Texas",32.862173,-94.524129,23,1390.058401639886,0.0,9740.41,0.0,0.0
PV Modules Materials,"Marion County, Texas",32.862173,-94.524129,24,1386.8913806810535,0.0,9740.41,0.0,0.0
PV Modules Materials,"Marion County, Texas",32.862173,-94.524129,25,1324.357795941084,0.0,9878.65,0.0,0.0
PV Modules Materials,"Marion County, Texas",32.862173,-94.524129,26,1321.5381472204542,0.0,9878.65,0.0,0.0
PV Modules Materials,"Accomack County, Virginia",37.811849,-75.604924,1,11.025806737774374,0.0,9785.5,0.0,0.0
PV Modules Materials,"Accomack County, Virginia",37.811849,-75.604924,2,10.826649702841495,0.0,9781.64,0.0,0.0
PV Modules Materials,"Accomack County, Virginia",37.811849,-75.604924,3,56.96383905077674,0.0,9788.71,0.0,0.0
PV Modules Materials,"Accomack County, Virginia",37.811849,-75.604924,4,56.415646242695146,0.0,9788.33,0.0,0.0
PV Modules Materials,"Accomack County, Virginia",37.811849,-75.604924,5,120.9835745935725,0.0,9892.24,0.0,0.0
PV Modules Materials,"Accomack County, Virginia",37.811849,-75.604924,6,119.53262137085233,0.0,9882.49,0.0,0.0
PV Modules Materials,"Accomack County, Virginia",37.811849,-75.604924,7,134.5858318505909,0.0,9642.06,0.0,0.0
PV Modules Materials,"Accomack County, Virginia",37.811849,-75.604924,8,133.3935856566037,0.0,9640.28,0.0,0.0
PV Modules Materials,"Accomack County, Virginia",37.811849,-75.604924,9,137.68923327294047,0.0,9972.47,0.0,0.0
PV Modules Materials,"Accomack County, Virginia",37.811849,-75.604924,10,137.01091556847456,0.0,9970.91,0.0,0.0
PV Modules Materials,"Accomack County, Virginia",37.811849,-75.604924,11,135.0191960956036,0.0,9888.84,0.0,0.0
PV Modules Materials,"Accomack County, Virginia",37.811849,-75.604924,12,134.48818630075868,0.0,9888.84,0.0,0.0
PV Modules Materials,"Accomack County, Virginia",37.811849,-75.604924,13,140.8933967437751,0.0,9689.5,0.0,0.0
PV Modules Materials,"Accomack County, Virginia",37.811849,-75.604924,14,140.39911436537943,0.0,9689.5,0.0,0.0
PV Modules Materials,"Accomack County, Virginia",37.811849,-75.604924,15,114.55092858037119,0.0,9248.64,0.0,0.0
PV Modules Materials,"Accomack County, Virginia",37.811849,-75.604924,16,114.1882217338161,0.0,9248.64,0.0,0.0
PV Modules Materials,"Accomack County, Virginia",37.811849,-75.604924,17,113.73868188733074,0.0,9629.79,0.0,0.0
PV Modules Materials,"Accomack County, Virginia",37.811849,-75.604924,18,113.41052365287425,0.0,9629.63,0.0,0.0
PV Modules Materials,"Accomack County, Virginia",37.811849,-75.604924,19,77.897551486557,0.0,9652.04,0.0,0.0
PV Modules Materials,"Accomack County, Virginia",37.811849,-75.604924,20,77.69112979819687,0.0,9652.04,0.0,0.0
PV Modules Materials,"Accomack County, Virginia",37.811849,-75.604924,21,173.11677301924112,0.0,9798.55,0.0,0.0
PV Modules Materials,"Accomack County, Virginia",37.811849,-75.604924,22,172.69261704355316,0.0,9798.31,0.0,0.0
PV Modules Materials,"Accomack County, Virginia",37.811849,-75.604924,23,101.73674180106461,0.0,9648.8,0.0,0.0
PV Modules Materials,"Accomack County, Virginia",37.811849,-75.604924,24,101.50495125673415,0.0,9648.47,0.0,0.0
PV Modules Materials,"Accomack County, Virginia",37.811849,-75.604924,25,49.498860865437486,0.0,9863.01,0.0,0.0
PV Modules Materials,"Accomack County, Virginia",37.811849,-75.604924,26,49.39347439046853,0.0,9862.88,0.0,0.0
PV Modules Materials,"Clermont County, Ohio",39.208775,-84.231508,1,444.0300460592242,0.0,9840.47,0.0,0.0
PV Modules Materials,"Clermont County, Ohio",39.208775,-84.231508,2,436.0096163983906,0.0,9836.47,0.0,0.0
PV Modules Materials,"Clermont County, Ohio",39.208775,-84.231508,3,165216.57276503404,0.0,9831.4,0.0,0.0
PV Modules Materials,"Clermont County, Ohio",39.208775,-84.231508,4,163626.6072979076,0.0,9831.4,0.0,0.0
PV Modules Materials,"Clermont County, Ohio",39.208775,-84.231508,5,1044.0594100937244,0.0,9907.51,0.0,0.0
PV Modules Materials,"Clermont County, Ohio",39.208775,-84.231508,6,1031.5380296429,0.0,9898.55,0.0,0.0
PV Modules Materials,"Clermont County, Ohio",39.208775,-84.231508,7,1677.8007736272325,0.0,9693.2,0.0,0.0
PV Modules Materials,"Clermont County, Ohio",39.208775,-84.231508,8,1662.9377560337732,0.0,9691.43,0.0,0.0
PV Modules Materials,"Clermont County, Ohio",39.208775,-84.231508,9,68153.59231924362,0.0,9959.66,0.0,0.0
PV Modules Materials,"Clermont County, Ohio",39.208775,-84.231508,10,67817.83775663772,0.0,9959.66,0.0,0.0
PV Modules Materials,"Clermont County, Ohio",39.208775,-84.231508,11,2199.079337370784,0.0,9883.73,0.0,0.0
PV Modules Materials,"Clermont County, Ohio",39.208775,-84.231508,12,2190.430695536491,0.0,9883.73,0.0,0.0
PV Modules Materials,"Clermont County, Ohio",39.208775,-84.231508,13,2720.7350532868436,0.0,9702.24,0.0,0.0
PV Modules Materials,"Clermont County, Ohio",39.208775,-84.231508,14,2711.1901674071405,0.0,9702.24,0.0,0.0
PV Modules Materials,"Clermont County, Ohio",39.208775,-84.231508,15,1449.8804260945783,0.0,9289.55,0.0,0.0
PV Modules Materials,"Clermont County, Ohio",39.208775,-84.231508,16,1445.2896160178025,0.0,9289.55,0.0,0.0
PV Modules Materials,"Clermont County, Ohio",39.208775,-84.231508,17,1727.184047611654,0.0,9681.44,0.0,0.0
PV Modules Materials,"Clermont County, Ohio",39.208775,-84.231508,18,1722.2007854686387,0.0,9681.29,0.0,0.0
PV Modules Materials,"Clermont County, Ohio",39.208775,-84.231508,19,1920.3881178012703,0.0,9697.89,0.0,0.0
PV Modules Materials,"Clermont County, Ohio",39.208775,-84.231508,20,1915.2992574966988,0.0,9697.89,0.0,0.0
PV Modules Materials,"Clermont County, Ohio",39.208775,-84.231508,21,2259.583001350719,0.0,9814.09,0.0,0.0
PV Modules Materials,"Clermont County, Ohio",39.208775,-84.231508,22,2254.046763493054,0.0,9813.85,0.0,0.0
PV Modules Materials,"Clermont County, Ohio",39.208775,-84.231508,23,2469.364815186729,0.0,9696.36,0.0,0.0
PV Modules Materials,"Clermont County, Ohio",39.208775,-84.231508,24,2463.7387709029263,0.0,9696.36,0.0,0.0
PV Modules Materials,"Clermont County, Ohio",39.208775,-84.231508,25,2219.494478203231,0.0,9852.19,0.0,0.0
PV Modules Materials,"Clermont County, Ohio",39.208775,-84.231508,26,2214.7690219971437,0.0,9852.05,0.0,0.0
PV Modules Materials,"Aitkin County, Minnesota",46.263586,-93.663775,1,4221.402639450564,0.0,9941.84,0.0,0.0
PV Modules Materials,"Aitkin County, Minnesota",46.263586,-93.663775,2,4145.152252252093,0.0,9937.99,0.0,0.0
PV Modules Materials,"Aitkin County, Minnesota",46.263586,-93.663775,3,7107.262047715807,0.0,9926.1,0.0,0.0
PV Modules Materials,"Aitkin County, Minnesota",46.263586,-93.663775,4,7038.865148829899,0.0,9923.37,0.0,0.0
PV Modules Materials,"Aitkin County, Minnesota",46.263586,-93.663775,5,10791.34001299348,0.0,10012.15,0.0,0.0
PV Modules Materials,"Aitkin County, Minnesota",46.263586,-93.663775,6,10661.9197208429,0.0,10003.19,0.0,0.0
PV Modules Materials,"Aitkin County, Minnesota",46.263586,-93.663775,7,48463.46106110984,0.0,9795.87,0.0,0.0
PV Modules Materials,"Aitkin County, Minnesota",46.263586,-93.663775,8,48034.141152743105,0.0,9795.07,0.0,0.0
PV Modules Materials,"Aitkin County, Minnesota",46.263586,-93.663775,9,2676.177841445467,0.0,10039.01,0.0,0.0
PV Modules Materials,"Aitkin County, Minnesota",46.263586,-93.663775,10,2662.993812694625,0.0,10038.93,0.0,0.0
PV Modules Materials,"Aitkin County, Minnesota",46.263586,-93.663775,11,15250.14597071547,0.0,9986.94,0.0,0.0
PV Modules Materials,"Aitkin County, Minnesota",46.263586,-93.663775,12,15190.169485019836,0.0,9986.94,0.0,0.0
PV Modules Materials,"Aitkin County, Minnesota",46.263586,-93.663775,13,2451.431856481629,0.0,9797.87,0.0,0.0
PV Modules Materials,"Aitkin County, Minnesota",46.263586,-93.663775,14,2442.83174039031,0.0,9797.87,0.0,0.0
PV Modules Materials,"Aitkin County, Minnesota",46.263586,-93.663775,15,3160.8990099005277,0.0,9389.95,0.0,0.0
PV Modules Materials,"Aitkin County, Minnesota",46.263586,-93.663775,16,3150.8905383292495,0.0,9389.95,0.0,0.0
PV Modules Materials,"Aitkin County, Minnesota",46.263586,-93.663775,17,3040.887093124759,0.0,9777.85,0.0,0.0
PV Modules Materials,"Aitkin County, Minnesota",46.263586,-93.663775,18,3032.1135420065034,0.0,9777.69,0.0,0.0
PV Modules Materials,"Aitkin County, Minnesota",46.263586,-93.663775,19,2053.949083030888,0.0,9791.7,0.0,0.0
PV Modules Materials,"Aitkin County, Minnesota",46.263586,-93.663775,20,2048.5062978671194,0.0,9791.7,0.0,0.0
PV Modules Materials,"Aitkin County, Minnesota",46.263586,-93.663775,21,3000.5351568953292,0.0,9919.15,0.0,0.0
PV Modules Materials,"Aitkin County, Minnesota",46.263586,-93.663775,22,2993.183501161095,0.0,9918.91,0.0,0.0
PV Modules Materials,"Aitkin County, Minnesota",46.263586,-93.663775,23,17901.58372023711,0.0,9793.92,0.0,0.0
PV Modules Materials,"Aitkin County, Minnesota",46.263586,-93.663775,24,17860.797886511427,0.0,9793.92,0.0,0.0
PV Modules Materials,"Aitkin County, Minnesota",46.263586,-93.663775,25,9009.307748033536,0.0,9956.55,0.0,0.0
PV Modules Materials,"Aitkin County, Minnesota",46.263586,-93.663775,26,8990.126312968663,0.0,9956.55,0.0,0.0
PV Modules Materials,"King County, Texas",33.421976,-100.474726,1,136055.5818971271,0.0,9965.12,0.0,0.0
PV Modules Materials,"King County, Texas",33.421976,-100.474726,2,133598.03598496562,0.0,9960.3,0.0,0.0
PV Modules Materials,"King County, Texas",33.421976,-100.474726,3,69613.0945212977,0.0,9935.45,0.0,0.0
PV Modules Materials,"King County, Texas",33.421976,-100.474726,4,68943.17131385968,0.0,9932.72,0.0,0.0
PV Modules Materials,"King County, Texas",33.421976,-100.474726,5,859.5191817426676,0.0,10001.74,0.0,0.0
PV Modules Materials,"King County, Texas",33.421976,-100.474726,6,849.210987998774,0.0,9997.64,0.0,0.0
PV Modules Materials,"King County, Texas",33.421976,-100.474726,7,790.5237991068076,0.0,9818.83,0.0,0.0
PV Modules Materials,"King County, Texas",33.421976,-100.474726,8,783.5208406394731,0.0,9818.83,0.0,0.0
PV Modules Materials,"King County, Texas",33.421976,-100.474726,9,239.14024927212077,0.0,10032.41,0.0,0.0
PV Modules Materials,"King County, Texas",33.421976,-100.474726,10,237.96213925526772,0.0,10032.41,0.0,0.0
PV Modules Materials,"King County, Texas",33.421976,-100.474726,11,269.20895784635604,0.0,10001.23,0.0,0.0
PV Modules Materials,"King County, Texas",33.421976,-100.474726,12,268.1502002947618,0.0,10001.23,0.0,0.0
PV Modules Materials,"King County, Texas",33.421976,-100.474726,13,12437.968604620122,0.0,9818.06,0.0,0.0
PV Modules Materials,"King County, Texas",33.421976,-100.474726,14,12394.333708688959,0.0,9818.06,0.0,0.0
PV Modules Materials,"King County, Texas",33.421976,-100.474726,15,248.4131747800355,0.0,9415.15,0.0,0.0
PV Modules Materials,"King County, Texas",33.421976,-100.474726,16,247.62661494692165,0.0,9415.15,0.0,0.0
PV Modules Materials,"King County, Texas",33.421976,-100.474726,17,280.57642102516604,0.0,9768.63,0.0,0.0
PV Modules Materials,"King County, Texas",33.421976,-100.474726,18,279.76690344129815,0.0,9768.47,0.0,0.0
PV Modules Materials,"King County, Texas",33.421976,-100.474726,19,310.9393031704242,0.0,9787.97,0.0,0.0
PV Modules Materials,"King County, Texas",33.421976,-100.474726,20,310.11534125232663,0.0,9787.97,0.0,0.0
PV Modules Materials,"King County, Texas",33.421976,-100.474726,21,422.71671826255664,0.0,9927.38,0.0,0.0
PV Modules Materials,"King County, Texas",33.421976,-100.474726,22,421.68101375543574,0.0,9927.38,0.0,0.0
PV Modules Materials,"King County, Texas",33.421976,-100.474726,23,3830.7606040727137,0.0,9771.82,0.0,0.0
PV Modules Materials,"King County, Texas",33.421976,-100.474726,24,3822.0328419103075,0.0,9771.82,0.0,0.0
PV Modules Materials,"King County, Texas",33.421976,-100.474726,25,451.2890909568986,0.0,9927.38,0.0,0.0
PV Modules Materials,"King County, Texas",33.421976,-100.474726,26,450.3282654822039,0.0,9927.38,0.0,0.0
PV Modules Materials,"Franklin County, Missouri",38.499735,-91.367504,1,411.5114004804452,0.0,9891.46,0.0,0.0
PV Modules Materials,"Franklin County, Missouri",38.499735,-91.367504,2,404.0783488852288,0.0,9887.21,0.0,0.0
PV Modules Materials,"Franklin County, Missouri",38.499735,-91.367504,3,979.3262874708884,0.0,9855.69,0.0,0.0
PV Modules Materials,"Franklin County, Missouri",38.499735,-91.367504,4,969.9017185425504,0.0,9852.97,0.0,0.0
PV Modules Materials,"Franklin County, Missouri",38.499735,-91.367504,5,2506.291523646572,0.0,9944.62,0.0,0.0
PV Modules Materials,"Franklin County, Missouri",38.499735,-91.367504,6,2476.2336271467575,0.0,9937.17,0.0,0.0
PV Modules Materials,"Franklin County, Missouri",38.499735,-91.367504,7,2557.2401126308528,0.0,9734.87,0.0,0.0
PV Modules Materials,"Franklin County, Missouri",38.499735,-91.367504,8,2534.5864666305815,0.0,9734.78,0.0,0.0
PV Modules Materials,"Franklin County, Missouri",38.499735,-91.367504,9,2620.659256988241,0.0,9968.16,0.0,0.0
PV Modules Materials,"Franklin County, Missouri",38.499735,-91.367504,10,2607.748737195718,0.0,9968.16,0.0,0.0
PV Modules Materials,"Franklin County, Missouri",38.499735,-91.367504,11,2888.6781157056935,0.0,9926.03,0.0,0.0
PV Modules Materials,"Franklin County, Missouri",38.499735,-91.367504,12,2877.3173876170167,0.0,9926.03,0.0,0.0
PV Modules Materials,"Franklin County, Missouri",38.499735,-91.367504,13,3348.3825274802616,0.0,9735.64,0.0,0.0
PV Modules Materials,"Franklin County, Missouri",38.499735,-91.367504,14,3336.635728001282,0.0,9735.64,0.0,0.0
PV Modules Materials,"Franklin County, Missouri",38.499735,-91.367504,15,3759.735735232194,0.0,9346.24,0.0,0.0
PV Modules Materials,"Franklin County, Missouri",38.499735,-91.367504,16,3747.8311447648202,0.0,9346.24,0.0,0.0
PV Modules Materials,"Franklin County, Missouri",38.499735,-91.367504,17,4328.538093800582,0.0,9716.31,0.0,0.0
PV Modules Materials,"Franklin County, Missouri",38.499735,-91.367504,18,4316.04941892701,0.0,9716.31,0.0,0.0
PV Modules Materials,"Franklin County, Missouri",38.499735,-91.367504,19,4830.273033629155,0.0,9717.49,0.0,0.0
PV Modules Materials,"Franklin County, Missouri",38.499735,-91.367504,20,4817.473233175682,0.0,9717.49,0.0,0.0
PV Modules Materials,"Franklin County, Missouri",38.499735,-91.367504,21,2637.129831790485,0.0,9851.55,0.0,0.0
PV Modules Materials,"Franklin County, Missouri",38.499735,-91.367504,22,2630.6685608384514,0.0,9851.55,0.0,0.0
PV Modules Materials,"Franklin County, Missouri",38.499735,-91.367504,23,2997.766871967899,0.0,9717.5,0.0,0.0
PV Modules Materials,"Franklin County, Missouri",38.499735,-91.367504,24,2990.9369499286436,0.0,9717.5,0.0,0.0
PV Modules Materials,"Franklin County, Missouri",38.499735,-91.367504,25,6920.142319476681,0.0,9888.31,0.0,0.0
PV Modules Materials,"Franklin County, Missouri",38.499735,-91.367504,26,6905.408861118609,0.0,9888.31,0.0,0.0
PV Modules Materials,"Hughes County, South Dakota",44.482832,-99.798478,1,161.3291798563986,0.0,9976.19,0.0,0.0
PV Modules Materials,"Hughes County, South Dakota",44.482832,-99.798478,2,158.41512178586518,0.0,9972.19,0.0,0.0
PV Modules Materials,"Hughes County, South Dakota",44.482832,-99.798478,3,2126.955786554435,0.0,9945.73,0.0,0.0
PV Modules Materials,"Hughes County, South Dakota",44.482832,-99.798478,4,2106.4869788910796,0.0,9943.0,0.0,0.0
PV Modules Materials,"Hughes County, South Dakota",44.482832,-99.798478,5,555.4810063317079,0.0,10035.69,0.0,0.0
PV Modules Materials,"Hughes County, South Dakota",44.482832,-99.798478,6,548.8191354206823,0.0,10027.92,0.0,0.0
PV Modules Materials,"Hughes County, South Dakota",44.482832,-99.798478,7,10612.049067183943,0.0,9823.36,0.0,0.0
PV Modules Materials,"Hughes County, South Dakota",44.482832,-99.798478,8,10518.040842567843,0.0,9822.56,0.0,0.0
PV Modules Materials,"Hughes County, South Dakota",44.482832,-99.798478,9,559.9110782233903,0.0,10058.03,0.0,0.0
PV Modules Materials,"Hughes County, South Dakota",44.482832,-99.798478,10,557.1527100615702,0.0,10057.95,0.0,0.0
PV Modules Materials,"Hughes County, South Dakota",44.482832,-99.798478,11,542.9399517113619,0.0,10012.58,0.0,0.0
PV Modules Materials,"Hughes County, South Dakota",44.482832,-99.798478,12,540.8046521339062,0.0,10012.57,0.0,0.0
PV Modules Materials,"Hughes County, South Dakota",44.482832,-99.798478,13,524.5929430658119,0.0,9822.72,0.0,0.0
PV Modules Materials,"Hughes County, South Dakota",44.482832,-99.798478,14,522.7525654925486,0.0,9822.72,0.0,0.0
PV Modules Materials,"Hughes County, South Dakota",44.482832,-99.798478,15,504.70369510594696,0.0,9424.88,0.0,0.0
PV Modules Materials,"Hughes County, South Dakota",44.482832,-99.798478,16,503.1056331088489,0.0,9424.88,0.0,0.0
PV Modules Materials,"Hughes County, South Dakota",44.482832,-99.798478,17,512.740610297227,0.0,9808.53,0.0,0.0
PV Modules Materials,"Hughes County, South Dakota",44.482832,-99.798478,18,511.26125384067893,0.0,9808.38,0.0,0.0
PV Modules Materials,"Hughes County, South Dakota",44.482832,-99.798478,19,548.1467409752578,0.0,9810.05,0.0,0.0
PV Modules Materials,"Hughes County, South Dakota",44.482832,-99.798478,20,546.6942001240766,0.0,9810.05,0.0,0.0
PV Modules Materials,"Hughes County, South Dakota",44.482832,-99.798478,21,622.4847547327597,0.0,9939.9,0.0,0.0
PV Modules Materials,"Hughes County, South Dakota",44.482832,-99.798478,22,620.9595955937015,0.0,9939.9,0.0,0.0
PV Modules Materials,"Hughes County, South Dakota",44.482832,-99.798478,23,5177.4281560769805,0.0,9810.06,0.0,0.0
PV Modules Materials,"Hughes County, South Dakota",44.482832,-99.798478,24,5165.632231917391,0.0,9810.06,0.0,0.0
PV Modules Materials,"Hughes County, South Dakota",44.482832,-99.798478,25,387032.6102483553,0.0,9981.13,0.0,0.0
PV Modules Materials,"Hughes County, South Dakota",44.482832,-99.798478,26,386208.5912350091,0.0,9981.13,0.0,0.0
PV Modules Materials,"Custer County, Colorado",38.105519,-105.275292,1,1364.314974722424,0.0,10006.34,0.0,0.0
PV Modules Materials,"Custer County, Colorado",38.105519,-105.275292,2,1339.671614690604,0.0,10001.92,0.0,0.0
PV Modules Materials,"Custer County, Colorado",38.105519,-105.275292,3,2301.244781112539,0.0,9970.65,0.0,0.0
PV Modules Materials,"Custer County, Colorado",38.105519,-105.275292,4,2279.098699323412,0.0,9967.92,0.0,0.0
PV Modules Materials,"Custer County, Colorado",38.105519,-105.275292,5,3161.5596807783804,0.0,10052.14,0.0,0.0
PV Modules Materials,"Custer County, Colorado",38.105519,-105.275292,6,3123.6431683670244,0.0,10048.04,0.0,0.0
PV Modules Materials,"Custer County, Colorado",38.105519,-105.275292,7,2727.1235149848076,0.0,9850.84,0.0,0.0
PV Modules Materials,"Custer County, Colorado",38.105519,-105.275292,8,2702.96493464566,0.0,9850.81,0.0,0.0
PV Modules Materials,"Custer County, Colorado",38.105519,-105.275292,9,2551.8281554467617,0.0,10080.73,0.0,0.0
PV Modules Materials,"Custer County, Colorado",38.105519,-105.275292,10,2539.256727925172,0.0,10080.73,0.0,0.0
PV Modules Materials,"Custer County, Colorado",38.105519,-105.275292,11,15981.922949130774,0.0,10040.44,0.0,0.0
PV Modules Materials,"Custer County, Colorado",38.105519,-105.275292,12,15919.068496787298,0.0,10040.44,0.0,0.0
PV Modules Materials,"Custer County, Colorado",38.105519,-105.275292,13,6746.868471292947,0.0,9849.45,0.0,0.0
PV Modules Materials,"Custer County, Colorado",38.105519,-105.275292,14,6723.199099471511,0.0,9849.45,0.0,0.0
PV Modules Materials,"Custer County, Colorado",38.105519,-105.275292,15,62971.81043478218,0.0,9459.92,0.0,0.0
PV Modules Materials,"Custer County, Colorado",38.105519,-105.275292,16,62772.420459792665,0.0,9459.92,0.0,0.0
PV Modules Materials,"Custer County, Colorado",38.105519,-105.275292,17,366.0113772702832,0.0,9800.02,0.0,0.0
PV Modules Materials,"Custer County, Colorado",38.105519,-105.275292,18,364.9553632092534,0.0,9799.87,0.0,0.0
PV Modules Materials,"Custer County, Colorado",38.105519,-105.275292,19,378.99553002365957,0.0,9819.36,0.0,0.0
PV Modules Materials,"Custer County, Colorado",38.105519,-105.275292,20,377.99122506547457,0.0,9819.36,0.0,0.0
PV Modules Materials,"Custer County, Colorado",38.105519,-105.275292,21,431.1343162354847,0.0,9967.81,0.0,0.0
PV Modules Materials,"Custer County, Colorado",38.105519,-105.275292,22,430.07798764660146,0.0,9967.81,0.0,0.0
PV Modules Materials,"Custer County, Colorado",38.105519,-105.275292,23,493.99154781061236,0.0,9803.21,0.0,0.0
PV Modules Materials,"Custer County, Colorado",38.105519,-105.275292,24,492.8660687778204,0.0,9803.21,0.0,0.0
PV Modules Materials,"Custer County, Colorado",38.105519,-105.275292,25,537.0973983997944,0.0,9982.01,0.0,0.0
PV Modules Materials,"Custer County, Colorado",38.105519,-105.275292,26,535.953881144191,0.0,9982.01,0.0,0.0
PV Modules Materials,"Rock County, Wisconsin",42.838356,-89.334781,1,185.1154391873749,0.0,9895.14,0.0,0.0
PV Modules Materials,"Rock County, Wisconsin",42.838356,-89.334781,2,181.77173447118855,0.0,9891.29,0.0,0.0
PV Modules Materials,"Rock County, Wisconsin",42.838356,-89.334781,3,2170.5842076873346,0.0,9878.58,0.0,0.0
PV Modules Materials,"Rock County, Wisconsin",42.838356,-89.334781,4,2149.695540915261,0.0,9875.86,0.0,0.0
PV Modules Materials,"Rock County, Wisconsin",42.838356,-89.334781,5,227671.08746348158,0.0,9963.09,0.0,0.0
PV Modules Materials,"Rock County, Wisconsin",42.838356,-89.334781,6,224940.6333569215,0.0,9954.13,0.0,0.0
PV Modules Materials,"Rock County, Wisconsin",42.838356,-89.334781,7,912.1196470256083,0.0,9748.1,0.0,0.0
PV Modules Materials,"Rock County, Wisconsin",42.838356,-89.334781,8,904.0395158359117,0.0,9747.3,0.0,0.0
PV Modules Materials,"Rock County, Wisconsin",42.838356,-89.334781,9,1088.0123753974328,0.0,9992.16,0.0,0.0
PV Modules Materials,"Rock County, Wisconsin",42.838356,-89.334781,10,1082.6523480418655,0.0,9992.08,0.0,0.0
PV Modules Materials,"Rock County, Wisconsin",42.838356,-89.334781,11,1148.1985022229978,0.0,9937.63,0.0,0.0
PV Modules Materials,"Rock County, Wisconsin",42.838356,-89.334781,12,1143.6828135747337,0.0,9937.63,0.0,0.0
PV Modules Materials,"Rock County, Wisconsin",42.838356,-89.334781,13,1128.6873624740242,0.0,9748.81,0.0,0.0
PV Modules Materials,"Rock County, Wisconsin",42.838356,-89.334781,14,1124.727700155687,0.0,9748.81,0.0,0.0
PV Modules Materials,"Rock County, Wisconsin",42.838356,-89.334781,15,481.4405187134386,0.0,9343.16,0.0,0.0
PV Modules Materials,"Rock County, Wisconsin",42.838356,-89.334781,16,479.9161157731003,0.0,9343.16,0.0,0.0
PV Modules Materials,"Rock County, Wisconsin",42.838356,-89.334781,17,417.6179543556354,0.0,9733.33,0.0,0.0
PV Modules Materials,"Rock County, Wisconsin",42.838356,-89.334781,18,416.4130452754122,0.0,9733.18,0.0,0.0
PV Modules Materials,"Rock County, Wisconsin",42.838356,-89.334781,19,364.1814777249265,0.0,9744.86,0.0,0.0
PV Modules Materials,"Rock County, Wisconsin",42.838356,-89.334781,20,363.21642870776407,0.0,9744.86,0.0,0.0
PV Modules Materials,"Rock County, Wisconsin",42.838356,-89.334781,21,417.588483821127,0.0,9870.09,0.0,0.0
PV Modules Materials,"Rock County, Wisconsin",42.838356,-89.334781,22,416.56534407734534,0.0,9869.85,0.0,0.0
PV Modules Materials,"Rock County, Wisconsin",42.838356,-89.334781,23,485.4855627350731,0.0,9747.28,0.0,0.0
PV Modules Materials,"Rock County, Wisconsin",42.838356,-89.334781,24,484.37946319955813,0.0,9747.28,0.0,0.0
PV Modules Materials,"Rock County, Wisconsin",42.838356,-89.334781,25,504.0981201876136,0.0,9907.32,0.0,0.0
PV Modules Materials,"Rock County, Wisconsin",42.838356,-89.334781,26,503.02486066211736,0.0,9907.32,0.0,0.0
PV Modules Materials,"Valley County, Nebraska",41.521618,-99.18351,1,197.33750454337806,0.0,9962.95,0.0,0.0
PV Modules Materials,"Valley County, Nebraska",41.521618,-99.18351,2,193.77303500200048,0.0,9958.71,0.0,0.0
PV Modules Materials,"Valley County, Nebraska",41.521618,-99.18351,3,280.13400993130006,0.0,9927.08,0.0,0.0
PV Modules Materials,"Valley County, Nebraska",41.521618,-99.18351,4,277.43813387901173,0.0,9924.36,0.0,0.0
PV Modules Materials,"Valley County, Nebraska",41.521618,-99.18351,5,748.7726788454745,0.0,10016.44,0.0,0.0
PV Modules Materials,"Valley County, Nebraska",41.521618,-99.18351,6,739.7926653593015,0.0,10008.99,0.0,0.0
PV Modules Materials,"Valley County, Nebraska",41.521618,-99.18351,7,768.435430383861,0.0,9805.74,0.0,0.0
PV Modules Materials,"Valley County, Nebraska",41.521618,-99.18351,8,761.6281446198059,0.0,9805.64,0.0,0.0
PV Modules Materials,"Valley County, Nebraska",41.521618,-99.18351,9,729.4100925456792,0.0,10039.56,0.0,0.0
PV Modules Materials,"Valley County, Nebraska",41.521618,-99.18351,10,725.81669771132,0.0,10039.56,0.0,0.0
PV Modules Materials,"Valley County, Nebraska",41.521618,-99.18351,11,755.8507443498229,0.0,9996.81,0.0,0.0
PV Modules Materials,"Valley County, Nebraska",41.521618,-99.18351,12,752.8780992719602,0.0,9996.81,0.0,0.0
PV Modules Materials,"Valley County, Nebraska",41.521618,-99.18351,13,761.3979363127526,0.0,9806.5,0.0,0.0
PV Modules Materials,"Valley County, Nebraska",41.521618,-99.18351,14,758.7267991866412,0.0,9806.5,0.0,0.0
PV Modules Materials,"Valley County, Nebraska",41.521618,-99.18351,15,682.958422502897,0.0,9413.7,0.0,0.0
PV Modules Materials,"Valley County, Nebraska",41.521618,-99.18351,16,680.795945962338,0.0,9413.7,0.0,0.0
PV Modules Materials,"Valley County, Nebraska",41.521618,-99.18351,17,728.802257684005,0.0,9777.96,0.0,0.0
PV Modules Materials,"Valley County, Nebraska",41.521618,-99.18351,18,726.6995213221893,0.0,9777.8,0.0,0.0
PV Modules Materials,"Valley County, Nebraska",41.521618,-99.18351,19,595.6350930778615,0.0,9789.3,0.0,0.0
PV Modules Materials,"Valley County, Nebraska",41.521618,-99.18351,20,594.0567122531331,0.0,9789.3,0.0,0.0
PV Modules Materials,"Valley County, Nebraska",41.521618,-99.18351,21,857.2957835331151,0.0,9922.34,0.0,0.0
PV Modules Materials,"Valley County, Nebraska",41.521618,-99.18351,22,855.1953104063588,0.0,9922.34,0.0,0.0
PV Modules Materials,"Valley County, Nebraska",41.521618,-99.18351,23,965.3262135346151,0.0,9781.15,0.0,0.0
PV Modules Materials,"Valley County, Nebraska",41.521618,-99.18351,24,963.1268754731583,0.0,9781.15,0.0,0.0
PV Modules Materials,"Valley County, Nebraska",41.521618,-99.18351,25,1043.9925306930431,0.0,9959.72,0.0,0.0
PV Modules Materials,"Valley County, Nebraska",41.521618,-99.18351,26,1041.7697988810378,0.0,9959.72,0.0,0.0
PV Modules Materials,"Upshur County, West Virginia",38.876355,-80.194431,1,686.509011790946,0.0,9809.81,0.0,0.0
PV Modules Materials,"Upshur County, West Virginia",38.876355,-80.194431,2,674.1087310228666,0.0,9805.95,0.0,0.0
PV Modules Materials,"Upshur County, West Virginia",38.876355,-80.194431,3,221816.9917529762,0.0,9814.14,0.0,0.0
PV Modules Materials,"Upshur County, West Virginia",38.876355,-80.194431,4,219682.33085905563,0.0,9814.14,0.0,0.0
PV Modules Materials,"Upshur County, West Virginia",38.876355,-80.194431,5,1504.2573402808232,0.0,9890.24,0.0,0.0
PV Modules Materials,"Upshur County, West Virginia",38.876355,-80.194431,6,1486.2168166559175,0.0,9880.49,0.0,0.0
PV Modules Materials,"Upshur County, West Virginia",38.876355,-80.194431,7,1735.5294394280675,0.0,9663.74,0.0,0.0
PV Modules Materials,"Upshur County, West Virginia",38.876355,-80.194431,8,1720.1550248982537,0.0,9662.94,0.0,0.0
PV Modules Materials,"Upshur County, West Virginia",38.876355,-80.194431,9,2457.446616955979,0.0,9966.24,0.0,0.0
PV Modules Materials,"Upshur County, West Virginia",38.876355,-80.194431,10,2445.340154392151,0.0,9964.68,0.0,0.0
PV Modules Materials,"Upshur County, West Virginia",38.876355,-80.194431,11,2073.3450377202007,0.0,9888.52,0.0,0.0
PV Modules Materials,"Upshur County, West Virginia",38.876355,-80.194431,12,2065.1908896067503,0.0,9888.52,0.0,0.0
PV Modules Materials,"Upshur County, West Virginia",38.876355,-80.194431,13,528.2839042382825,0.0,9695.49,0.0,0.0
PV Modules Materials,"Upshur County, West Virginia",38.876355,-80.194431,14,526.4305780307388,0.0,9695.49,0.0,0.0
PV Modules Materials,"Upshur County, West Virginia",38.876355,-80.194431,15,802.3042444676183,0.0,9257.82,0.0,0.0
PV Modules Materials,"Upshur County, West Virginia",38.876355,-80.194431,16,799.7638788320447,0.0,9257.82,0.0,0.0
PV Modules Materials,"Upshur County, West Virginia",38.876355,-80.194431,17,937.899247244137,0.0,9648.98,0.0,0.0
PV Modules Materials,"Upshur County, West Virginia",38.876355,-80.194431,18,935.1932253704301,0.0,9648.83,0.0,0.0
PV Modules Materials,"Upshur County, West Virginia",38.876355,-80.194431,19,1048.0761576877874,0.0,9677.28,0.0,0.0
PV Modules Materials,"Upshur County, West Virginia",38.876355,-80.194431,20,1045.2988476713454,0.0,9677.28,0.0,0.0
PV Modules Materials,"Upshur County, West Virginia",38.876355,-80.194431,21,1368.0471930402143,0.0,9794.65,0.0,0.0
PV Modules Materials,"Upshur County, West Virginia",38.876355,-80.194431,22,1364.695320302345,0.0,9794.41,0.0,0.0
PV Modules Materials,"Upshur County, West Virginia",38.876355,-80.194431,23,1531.5928329992503,0.0,9672.07,0.0,0.0
PV Modules Materials,"Upshur County, West Virginia",38.876355,-80.194431,24,1528.1033489626204,0.0,9671.74,0.0,0.0
PV Modules Materials,"Upshur County, West Virginia",38.876355,-80.194431,25,8334.491049244694,0.0,9856.03,0.0,0.0
PV Modules Materials,"Upshur County, West Virginia",38.876355,-80.194431,26,8316.746345286198,0.0,9856.03,0.0,0.0
PV Modules Materials,"Pennington County, South Dakota",44.057733,-103.324472,1,54.68788498715222,0.0,10001.06,0.0,0.0
PV Modules Materials,"Pennington County, South Dakota",44.057733,-103.324472,2,53.70006819697783,0.0,9997.06,0.0,0.0
PV Modules Materials,"Pennington County, South Dakota",44.057733,-103.324472,3,87.27402854053605,0.0,9967.38,0.0,0.0
PV Modules Materials,"Pennington County, South Dakota",44.057733,-103.324472,4,86.43414493059214,0.0,9964.66,0.0,0.0
PV Modules Materials,"Pennington County, South Dakota",44.057733,-103.324472,5,147.23899565185826,0.0,10057.59,0.0,0.0
PV Modules Materials,"Pennington County, South Dakota",44.057733,-103.324472,6,145.47316176929343,0.0,10049.94,0.0,0.0
PV Modules Materials,"Pennington County, South Dakota",44.057733,-103.324472,7,134.6680083983574,0.0,9845.61,0.0,0.0
PV Modules Materials,"Pennington County, South Dakota",44.057733,-103.324472,8,133.4750342326739,0.0,9845.51,0.0,0.0
PV Modules Materials,"Pennington County, South Dakota",44.057733,-103.324472,9,124.94375610822564,0.0,10079.86,0.0,0.0
PV Modules Materials,"Pennington County, South Dakota",44.057733,-103.324472,10,124.3282282284046,0.0,10079.86,0.0,0.0
PV Modules Materials,"Pennington County, South Dakota",44.057733,-103.324472,11,3415.916622141436,0.0,10035.98,0.0,0.0
PV Modules Materials,"Pennington County, South Dakota",44.057733,-103.324472,12,3402.482345851965,0.0,10035.97,0.0,0.0
PV Modules Materials,"Pennington County, South Dakota",44.057733,-103.324472,13,113.14488360833413,0.0,9846.12,0.0,0.0
PV Modules Materials,"Pennington County, South Dakota",44.057733,-103.324472,14,112.74794859600748,0.0,9846.12,0.0,0.0
PV Modules Materials,"Pennington County, South Dakota",44.057733,-103.324472,15,110.38826768404151,0.0,9450.12,0.0,0.0
PV Modules Materials,"Pennington County, South Dakota",44.057733,-103.324472,16,110.03874122481015,0.0,9450.12,0.0,0.0
PV Modules Materials,"Pennington County, South Dakota",44.057733,-103.324472,17,106.66930275847506,0.0,9818.92,0.0,0.0
PV Modules Materials,"Pennington County, South Dakota",44.057733,-103.324472,18,106.36154105873419,0.0,9818.77,0.0,0.0
PV Modules Materials,"Pennington County, South Dakota",44.057733,-103.324472,19,111.84753825124264,0.0,9830.46,0.0,0.0
PV Modules Materials,"Pennington County, South Dakota",44.057733,-103.324472,20,111.55115207164968,0.0,9830.46,0.0,0.0
PV Modules Materials,"Pennington County, South Dakota",44.057733,-103.324472,21,136.41622135685355,0.0,9962.14,0.0,0.0
PV Modules Materials,"Pennington County, South Dakota",44.057733,-103.324472,22,136.08198594765466,0.0,9962.14,0.0,0.0
PV Modules Materials,"Pennington County, South Dakota",44.057733,-103.324472,23,146.35448956883675,0.0,9822.11,0.0,0.0
PV Modules Materials,"Pennington County, South Dakota",44.057733,-103.324472,24,146.0210447759152,0.0,9822.11,0.0,0.0
PV Modules Materials,"Pennington County, South Dakota",44.057733,-103.324472,25,129.43093638067634,0.0,10001.13,0.0,0.0
PV Modules Materials,"Pennington County, South Dakota",44.057733,-103.324472,26,129.1553690262241,0.0,10001.13,0.0,0.0
PV Modules Materials,"Dawson County, Montana",47.180459,-105.037506,1,24.962354007613566,0.0,10021.73,0.0,0.0
PV Modules Materials,"Dawson County, Montana",47.180459,-105.037506,2,24.511463789116537,0.0,10017.78,0.0,0.0
PV Modules Materials,"Dawson County, Montana",47.180459,-105.037506,3,48.622050950707134,0.0,9993.97,0.0,0.0
PV Modules Materials,"Dawson County, Montana",47.180459,-105.037506,4,48.15413553121451,0.0,9991.24,0.0,0.0
PV Modules Materials,"Dawson County, Montana",47.180459,-105.037506,5,91.00558200933068,0.0,10083.85,0.0,0.0
PV Modules Materials,"Dawson County, Montana",47.180459,-105.037506,6,89.91415416100048,0.0,10075.53,0.0,0.0
PV Modules Materials,"Dawson County, Montana",47.180459,-105.037506,7,102.33018030614889,0.0,9870.86,0.0,0.0
PV Modules Materials,"Dawson County, Montana",47.180459,-105.037506,8,101.42367502009867,0.0,9870.06,0.0,0.0
PV Modules Materials,"Dawson County, Montana",47.180459,-105.037506,9,112.79228964602066,0.0,10106.19,0.0,0.0
PV Modules Materials,"Dawson County, Montana",47.180459,-105.037506,10,112.23662523293996,0.0,10106.11,0.0,0.0
PV Modules Materials,"Dawson County, Montana",47.180459,-105.037506,11,111.472443935173,0.0,10060.07,0.0,0.0
PV Modules Materials,"Dawson County, Montana",47.180459,-105.037506,12,111.03403990599355,0.0,10060.06,0.0,0.0
PV Modules Materials,"Dawson County, Montana",47.180459,-105.037506,13,73.55348032045393,0.0,9870.22,0.0,0.0
PV Modules Materials,"Dawson County, Montana",47.180459,-105.037506,14,73.29543991520916,0.0,9870.22,0.0,0.0
PV Modules Materials,"Dawson County, Montana",47.180459,-105.037506,15,79.5638619896675,0.0,9469.81,0.0,0.0
PV Modules Materials,"Dawson County, Montana",47.180459,-105.037506,16,79.31193598749833,0.0,9469.81,0.0,0.0
PV Modules Materials,"Dawson County, Montana",47.180459,-105.037506,17,69.22769305762493,0.0,9853.03,0.0,0.0
PV Modules Materials,"Dawson County, Montana",47.180459,-105.037506,18,69.02795768921447,0.0,9852.88,0.0,0.0
PV Modules Materials,"Dawson County, Montana",47.180459,-105.037506,19,61.26098287109531,0.0,9858.44,0.0,0.0
PV Modules Materials,"Dawson County, Montana",47.180459,-105.037506,20,61.09864663236212,0.0,9858.44,0.0,0.0
PV Modules Materials,"Dawson County, Montana",47.180459,-105.037506,21,41.02587553143742,0.0,9987.96,0.0,0.0
PV Modules Materials,"Dawson County, Montana",47.180459,-105.037506,22,40.925357424722506,0.0,9987.96,0.0,0.0
PV Modules Materials,"Dawson County, Montana",47.180459,-105.037506,23,66.26933583158767,0.0,9856.22,0.0,0.0
PV Modules Materials,"Dawson County, Montana",47.180459,-105.037506,24,66.11835197705396,0.0,9856.22,0.0,0.0
PV Modules Materials,"Dawson County, Montana",47.180459,-105.037506,25,71.59246772996475,0.0,10028.93,0.0,0.0
PV Modules Materials,"Dawson County, Montana",47.180459,-105.037506,26,71.44004244832242,0.0,10028.93,0.0,0.0
PV Modules Materials,"Mohave County, Arizona",35.723913,-113.743619,1,204143.34960789245,0.0,10079.68,0.0,0.0
PV Modules Materials,"Mohave County, Arizona",35.723913,-113.743619,2,200455.9473908842,0.0,10075.2,0.0,0.0
PV Modules Materials,"Mohave County, Arizona",35.723913,-113.743619,3,408.5454324938072,0.0,10042.82,0.0,0.0
PV Modules Materials,"Mohave County, Arizona",35.723913,-113.743619,4,404.61378617923816,0.0,10040.09,0.0,0.0
PV Modules Materials,"Mohave County, Arizona",35.723913,-113.743619,5,544.9337203414992,0.0,10118.78,0.0,0.0
PV Modules Materials,"Mohave County, Arizona",35.723913,-113.743619,6,538.3983427883517,0.0,10114.32,0.0,0.0
PV Modules Materials,"Mohave County, Arizona",35.723913,-113.743619,7,135.46276353603741,0.0,9914.09,0.0,0.0
PV Modules Materials,"Mohave County, Arizona",35.723913,-113.743619,8,134.26274892802044,0.0,9914.05,0.0,0.0
PV Modules Materials,"Mohave County, Arizona",35.723913,-113.743619,9,142.25276104025767,0.0,10147.56,0.0,0.0
PV Modules Materials,"Mohave County, Arizona",35.723913,-113.743619,10,141.55196139144644,0.0,10147.56,0.0,0.0
PV Modules Materials,"Mohave County, Arizona",35.723913,-113.743619,11,19205.606155685113,0.0,10105.46,0.0,0.0
PV Modules Materials,"Mohave County, Arizona",35.723913,-113.743619,12,19130.07345159924,0.0,10105.46,0.0,0.0
PV Modules Materials,"Mohave County, Arizona",35.723913,-113.743619,13,100795.25883452891,0.0,9914.56,0.0,0.0
PV Modules Materials,"Mohave County, Arizona",35.723913,-113.743619,14,100441.64879020338,0.0,9914.56,0.0,0.0
PV Modules Materials,"Mohave County, Arizona",35.723913,-113.743619,15,14633.98110263363,0.0,9532.34,0.0,0.0
PV Modules Materials,"Mohave County, Arizona",35.723913,-113.743619,16,14587.644986426947,0.0,9532.34,0.0,0.0
PV Modules Materials,"Mohave County, Arizona",35.723913,-113.743619,17,191409.2420645986,0.0,9872.44,0.0,0.0
PV Modules Materials,"Mohave County, Arizona",35.723913,-113.743619,18,190856.98914683753,0.0,9872.29,0.0,0.0
PV Modules Materials,"Mohave County, Arizona",35.723913,-113.743619,19,410.55027122124517,0.0,9858.36,0.0,0.0
PV Modules Materials,"Mohave County, Arizona",35.723913,-113.743619,20,409.46234896277974,0.0,9858.36,0.0,0.0
PV Modules Materials,"Mohave County, Arizona",35.723913,-113.743619,21,264775.4038077083,0.0,10042.53,0.0,0.0
PV Modules Materials,"Mohave County, Arizona",35.723913,-113.743619,22,264126.6736599498,0.0,10042.53,0.0,0.0
PV Modules Materials,"Mohave County, Arizona",35.723913,-113.743619,23,459.4005366816093,0.0,9847.33,0.0,0.0
PV Modules Materials,"Mohave County, Arizona",35.723913,-113.743619,24,458.35386761615655,0.0,9847.33,0.0,0.0
PV Modules Materials,"Mohave County, Arizona",35.723913,-113.743619,25,182.01710521960246,0.0,10011.05,0.0,0.0
PV Modules Materials,"Mohave County, Arizona",35.723913,-113.743619,26,181.62957829943173,0.0,10011.05,0.0,0.0
PV Modules Materials,"Brazoria County, Texas",29.570356,-95.424613,1,274583.145689703,0.0,9930.48,0.0,0.0
PV Modules Materials,"Brazoria County, Texas",29.570356,-95.424613,2,269623.4029299506,0.0,9925.93,0.0,0.0
PV Modules Materials,"Brazoria County, Texas",29.570356,-95.424613,3,113007.46039509165,0.0,9898.85,0.0,0.0
PV Modules Materials,"Brazoria County, Texas",29.570356,-95.424613,4,111919.9305150754,0.0,9896.05,0.0,0.0
PV Modules Materials,"Brazoria County, Texas",29.570356,-95.424613,5,267448.46046444064,0.0,9983.95,0.0,0.0
PV Modules Materials,"Brazoria County, Texas",29.570356,-95.424613,6,264240.9572399241,0.0,9981.48,0.0,0.0
PV Modules Materials,"Brazoria County, Texas",29.570356,-95.424613,7,46075.53655818885,0.0,9784.09,0.0,0.0
PV Modules Materials,"Brazoria County, Texas",29.570356,-95.424613,8,45667.37039134893,0.0,9784.09,0.0,0.0
PV Modules Materials,"Brazoria County, Texas",29.570356,-95.424613,9,75293.54165361293,0.0,10008.37,0.0,0.0
PV Modules Materials,"Brazoria County, Texas",29.570356,-95.424613,10,74922.61256118095,0.0,10007.39,0.0,0.0
PV Modules Materials,"Brazoria County, Texas",29.570356,-95.424613,11,798735.9695390436,0.0,10000.64,0.0,0.0
PV Modules Materials,"Brazoria County, Texas",29.570356,-95.424613,12,795594.663446391,0.0,10000.64,0.0,0.0
PV Modules Materials,"Brazoria County, Texas",29.570356,-95.424613,13,49154.275110801726,0.0,9786.13,0.0,0.0
PV Modules Materials,"Brazoria County, Texas",29.570356,-95.424613,14,48981.832025663614,0.0,9786.13,0.0,0.0
PV Modules Materials,"Brazoria County, Texas",29.570356,-95.424613,15,49394.5221040014,0.0,9370.44,0.0,0.0
PV Modules Materials,"Brazoria County, Texas",29.570356,-95.424613,16,49238.12239976967,0.0,9370.44,0.0,0.0
PV Modules Materials,"Brazoria County, Texas",29.570356,-95.424613,17,4074.799184981745,0.0,9747.15,0.0,0.0
PV Modules Materials,"Brazoria County, Texas",29.570356,-95.424613,18,4063.0425962458826,0.0,9746.99,0.0,0.0
PV Modules Materials,"Brazoria County, Texas",29.570356,-95.424613,19,5286.723531036183,0.0,9778.41,0.0,0.0
PV Modules Materials,"Brazoria County, Texas",29.570356,-95.424613,20,5272.714176745273,0.0,9778.41,0.0,0.0
PV Modules Materials,"Brazoria County, Texas",29.570356,-95.424613,21,5915.781051344526,0.0,9891.23,0.0,0.0
PV Modules Materials,"Brazoria County, Texas",29.570356,-95.424613,22,5901.286708364192,0.0,9891.23,0.0,0.0
PV Modules Materials,"Brazoria County, Texas",29.570356,-95.424613,23,7379.869999295669,0.0,9770.45,0.0,0.0
PV Modules Materials,"Brazoria County, Texas",29.570356,-95.424613,24,7363.056171233733,0.0,9770.45,0.0,0.0
PV Modules Materials,"Brazoria County, Texas",29.570356,-95.424613,25,7235.790662330061,0.0,9886.35,0.0,0.0
PV Modules Materials,"Brazoria County, Texas",29.570356,-95.424613,26,7220.38516696747,0.0,9886.22,0.0,0.0
PV Modules Materials,"Grafton County, New Hampshire",43.714012,-71.562256,1,536.7936213260801,0.0,9855.74,0.0,0.0
PV Modules Materials,"Grafton County, New Hampshire",43.714012,-71.562256,2,527.0976209755638,0.0,9851.88,0.0,0.0
PV Modules Materials,"Grafton County, New Hampshire",43.714012,-71.562256,3,1381.405401235777,0.0,9859.81,0.0,0.0
PV Modules Materials,"Grafton County, New Hampshire",43.714012,-71.562256,4,1368.1114147590665,0.0,9859.44,0.0,0.0
PV Modules Materials,"Grafton County, New Hampshire",43.714012,-71.562256,5,43122.63376914319,0.0,9963.15,0.0,0.0
PV Modules Materials,"Grafton County, New Hampshire",43.714012,-71.562256,6,42605.46501586646,0.0,9953.4,0.0,0.0
PV Modules Materials,"Grafton County, New Hampshire",43.714012,-71.562256,7,1332.4845224662088,0.0,9712.3,0.0,0.0
PV Modules Materials,"Grafton County, New Hampshire",43.714012,-71.562256,8,1320.680534047719,0.0,9710.52,0.0,0.0
PV Modules Materials,"Grafton County, New Hampshire",43.714012,-71.562256,9,13712.163822188866,0.0,10043.58,0.0,0.0
PV Modules Materials,"Grafton County, New Hampshire",43.714012,-71.562256,10,13644.611674021335,0.0,10042.02,0.0,0.0
PV Modules Materials,"Grafton County, New Hampshire",43.714012,-71.562256,11,54149.04334490437,0.0,9959.68,0.0,0.0
PV Modules Materials,"Grafton County, New Hampshire",43.714012,-71.562256,12,53936.083460464935,0.0,9959.68,0.0,0.0
PV Modules Materials,"Grafton County, New Hampshire",43.714012,-71.562256,13,838.8547853714884,0.0,9760.67,0.0,0.0
PV Modules Materials,"Grafton County, New Hampshire",43.714012,-71.562256,14,835.9119140373828,0.0,9760.67,0.0,0.0
PV Modules Materials,"Grafton County, New Hampshire",43.714012,-71.562256,15,698.4759974314208,0.0,9307.07,0.0,0.0
PV Modules Materials,"Grafton County, New Hampshire",43.714012,-71.562256,16,696.2643870188083,0.0,9307.07,0.0,0.0
PV Modules Materials,"Grafton County, New Hampshire",43.714012,-71.562256,17,716.6010163245979,0.0,9693.82,0.0,0.0
PV Modules Materials,"Grafton County, New Hampshire",43.714012,-71.562256,18,714.5334829188587,0.0,9693.67,0.0,0.0
PV Modules Materials,"Grafton County, New Hampshire",43.714012,-71.562256,19,634.6098728567094,0.0,9723.15,0.0,0.0
PV Modules Materials,"Grafton County, New Hampshire",43.714012,-71.562256,20,632.9282122793846,0.0,9723.15,0.0,0.0
PV Modules Materials,"Grafton County, New Hampshire",43.714012,-71.562256,21,568.4570385004349,0.0,9869.72,0.0,0.0
PV Modules Materials,"Grafton County, New Hampshire",43.714012,-71.562256,22,567.0642534710198,0.0,9869.47,0.0,0.0
PV Modules Materials,"Grafton County, New Hampshire",43.714012,-71.562256,23,578.4327866247469,0.0,9719.97,0.0,0.0
PV Modules Materials,"Grafton County, New Hampshire",43.714012,-71.562256,24,577.1149220254213,0.0,9719.64,0.0,0.0
PV Modules Materials,"Grafton County, New Hampshire",43.714012,-71.562256,25,122460.47873326247,0.0,9933.38,0.0,0.0
PV Modules Materials,"Grafton County, New Hampshire",43.714012,-71.562256,26,122199.75196195775,0.0,9933.25,0.0,0.0
PV Modules Materials,"Centre County, Pennsylvania",40.921074,-77.396078,1,14857.396671258668,0.0,9813.81,0.0,0.0
PV Modules Materials,"Centre County, Pennsylvania",40.921074,-77.396078,2,14589.030361360265,0.0,9809.95,0.0,0.0
PV Modules Materials,"Centre County, Pennsylvania",40.921074,-77.396078,3,22070.250607613772,0.0,9818.94,0.0,0.0
PV Modules Materials,"Centre County, Pennsylvania",40.921074,-77.396078,4,21857.85704606207,0.0,9818.56,0.0,0.0
PV Modules Materials,"Centre County, Pennsylvania",40.921074,-77.396078,5,34457.47569534201,0.0,9918.43,0.0,0.0
PV Modules Materials,"Centre County, Pennsylvania",40.921074,-77.396078,6,34044.22798320493,0.0,9908.68,0.0,0.0
PV Modules Materials,"Centre County, Pennsylvania",40.921074,-77.396078,7,5941.397864987826,0.0,9667.44,0.0,0.0
PV Modules Materials,"Centre County, Pennsylvania",40.921074,-77.396078,8,5888.765214922854,0.0,9666.64,0.0,0.0
PV Modules Materials,"Centre County, Pennsylvania",40.921074,-77.396078,9,513472.57998468826,0.0,9997.91,0.0,0.0
PV Modules Materials,"Centre County, Pennsylvania",40.921074,-77.396078,10,510942.9882839996,0.0,9996.35,0.0,0.0
PV Modules Materials,"Centre County, Pennsylvania",40.921074,-77.396078,11,3683.8090810745043,0.0,9912.32,0.0,0.0
PV Modules Materials,"Centre County, Pennsylvania",40.921074,-77.396078,12,3669.321224821796,0.0,9912.32,0.0,0.0
PV Modules Materials,"Centre County, Pennsylvania",40.921074,-77.396078,13,3279.6087431518686,0.0,9717.32,0.0,0.0
PV Modules Materials,"Centre County, Pennsylvania",40.921074,-77.396078,14,3268.1032159430924,0.0,9717.32,0.0,0.0
PV Modules Materials,"Centre County, Pennsylvania",40.921074,-77.396078,15,5428.811999553922,0.0,9260.96,0.0,0.0
PV Modules Materials,"Centre County, Pennsylvania",40.921074,-77.396078,16,5411.622551111196,0.0,9260.96,0.0,0.0
PV Modules Materials,"Centre County, Pennsylvania",40.921074,-77.396078,17,5302.910192296416,0.0,9647.71,0.0,0.0
PV Modules Materials,"Centre County, Pennsylvania",40.921074,-77.396078,18,5287.610264274487,0.0,9647.56,0.0,0.0
PV Modules Materials,"Centre County, Pennsylvania",40.921074,-77.396078,19,64064.65495452038,0.0,9682.27,0.0,0.0
PV Modules Materials,"Centre County, Pennsylvania",40.921074,-77.396078,20,63894.889230340945,0.0,9682.27,0.0,0.0
PV Modules Materials,"Centre County, Pennsylvania",40.921074,-77.396078,21,13103.105216523969,0.0,9822.84,0.0,0.0
PV Modules Materials,"Centre County, Pennsylvania",40.921074,-77.396078,22,13071.001103902605,0.0,9822.6,0.0,0.0
PV Modules Materials,"Centre County, Pennsylvania",40.921074,-77.396078,23,9374.987415935697,0.0,9679.45,0.0,0.0
PV Modules Materials,"Centre County, Pennsylvania",40.921074,-77.396078,24,9353.628038804469,0.0,9679.12,0.0,0.0
PV Modules Materials,"Centre County, Pennsylvania",40.921074,-77.396078,25,421137.23567082477,0.0,9887.64,0.0,0.0
PV Modules Materials,"Centre County, Pennsylvania",40.921074,-77.396078,26,420240.60556723183,0.0,9887.52,0.0,0.0
PV Modules Materials,"Valley County, Montana",47.837445,-106.843313,1,3.266570298657158,0.0,10035.96,0.0,0.0
PV Modules Materials,"Valley County, Montana",47.837445,-106.843313,2,3.2075668651168665,0.0,10032.09,0.0,0.0
PV Modules Materials,"Valley County, Montana",47.837445,-106.843313,3,6.713377141772919,0.0,10008.69,0.0,0.0
PV Modules Materials,"Valley County, Montana",47.837445,-106.843313,4,6.648770803288976,0.0,10005.96,0.0,0.0
PV Modules Materials,"Valley County, Montana",47.837445,-106.843313,5,11.224111536486465,0.0,10098.58,0.0,0.0
PV Modules Materials,"Valley County, Montana",47.837445,-106.843313,6,11.089501025425399,0.0,10090.22,0.0,0.0
PV Modules Materials,"Valley County, Montana",47.837445,-106.843313,7,13.291438619121411,0.0,9885.54,0.0,0.0
PV Modules Materials,"Valley County, Montana",47.837445,-106.843313,8,13.17369467172096,0.0,9884.74,0.0,0.0
PV Modules Materials,"Valley County, Montana",47.837445,-106.843313,9,15.040785846870497,0.0,10120.92,0.0,0.0
PV Modules Materials,"Valley County, Montana",47.837445,-106.843313,10,14.966688322419994,0.0,10120.84,0.0,0.0
PV Modules Materials,"Valley County, Montana",47.837445,-106.843313,11,15.14485892142616,0.0,10074.76,0.0,0.0
PV Modules Materials,"Valley County, Montana",47.837445,-106.843313,12,15.085296513551004,0.0,10074.75,0.0,0.0
PV Modules Materials,"Valley County, Montana",47.837445,-106.843313,13,10.276238309773266,0.0,9884.9,0.0,0.0
PV Modules Materials,"Valley County, Montana",47.837445,-106.843313,14,10.240187198577807,0.0,9884.9,0.0,0.0
PV Modules Materials,"Valley County, Montana",47.837445,-106.843313,15,10.801739585396362,0.0,9484.07,0.0,0.0
PV Modules Materials,"Valley County, Montana",47.837445,-106.843313,16,10.767537637399233,0.0,9484.07,0.0,0.0
PV Modules Materials,"Valley County, Montana",47.837445,-106.843313,17,9.05931428074122,0.0,9866.59,0.0,0.0
PV Modules Materials,"Valley County, Montana",47.837445,-106.843313,18,9.03317639580688,0.0,9866.44,0.0,0.0
PV Modules Materials,"Valley County, Montana",47.837445,-106.843313,19,8.04492690738556,0.0,9873.12,0.0,0.0
PV Modules Materials,"Valley County, Montana",47.837445,-106.843313,20,8.023608555739516,0.0,9873.12,0.0,0.0
PV Modules Materials,"Valley County, Montana",47.837445,-106.843313,21,5.128234441429678,0.0,10002.69,0.0,0.0
PV Modules Materials,"Valley County, Montana",47.837445,-106.843313,22,5.115669678090313,0.0,10002.69,0.0,0.0
PV Modules Materials,"Valley County, Montana",47.837445,-106.843313,23,7.706932837543297,0.0,9869.78,0.0,0.0
PV Modules Materials,"Valley County, Montana",47.837445,-106.843313,24,7.6893738502403055,0.0,9869.78,0.0,0.0
PV Modules Materials,"Valley County, Montana",47.837445,-106.843313,25,8.159974867982477,0.0,10043.6,0.0,0.0
PV Modules Materials,"Valley County, Montana",47.837445,-106.843313,26,8.14260172096179,0.0,10043.6,0.0,0.0
PV Modules Materials,"Cass County, Nebraska",40.935186,-96.345832,1,477949.6428127988,0.0,9939.44,0.0,0.0
PV Modules Materials,"Cass County, Nebraska",40.935186,-96.345832,2,469316.5299736524,0.0,9935.19,0.0,0.0
PV Modules Materials,"Cass County, Nebraska",40.935186,-96.345832,3,433.99917383345036,0.0,9903.54,0.0,0.0
PV Modules Materials,"Cass County, Nebraska",40.935186,-96.345832,4,429.8225728568769,0.0,9900.81,0.0,0.0
PV Modules Materials,"Cass County, Nebraska",40.935186,-96.345832,5,839.9192842727799,0.0,9993.28,0.0,0.0
PV Modules Materials,"Cass County, Nebraska",40.935186,-96.345832,6,829.8461516476743,0.0,9985.83,0.0,0.0
PV Modules Materials,"Cass County, Nebraska",40.935186,-96.345832,7,715.7904690252087,0.0,9782.11,0.0,0.0
PV Modules Materials,"Cass County, Nebraska",40.935186,-96.345832,8,709.4495455368062,0.0,9782.01,0.0,0.0
PV Modules Materials,"Cass County, Nebraska",40.935186,-96.345832,9,659.5258235140418,0.0,10016.01,0.0,0.0
PV Modules Materials,"Cass County, Nebraska",40.935186,-96.345832,10,656.276709316745,0.0,10016.01,0.0,0.0
PV Modules Materials,"Cass County, Nebraska",40.935186,-96.345832,11,715.6874612579389,0.0,9973.17,0.0,0.0
PV Modules Materials,"Cass County, Nebraska",40.935186,-96.345832,12,712.8727722139712,0.0,9973.17,0.0,0.0
PV Modules Materials,"Cass County, Nebraska",40.935186,-96.345832,13,744.35053503663,0.0,9782.87,0.0,0.0
PV Modules Materials,"Cass County, Nebraska",40.935186,-96.345832,14,741.7392036235115,0.0,9782.87,0.0,0.0
PV Modules Materials,"Cass County, Nebraska",40.935186,-96.345832,15,730.0644376561476,0.0,9390.27,0.0,0.0
PV Modules Materials,"Cass County, Nebraska",40.935186,-96.345832,16,727.7528075956501,0.0,9390.27,0.0,0.0
PV Modules Materials,"Cass County, Nebraska",40.935186,-96.345832,17,779.3615065423098,0.0,9764.49,0.0,0.0
PV Modules Materials,"Cass County, Nebraska",40.935186,-96.345832,18,777.1128969070793,0.0,9764.34,0.0,0.0
PV Modules Materials,"Cass County, Nebraska",40.935186,-96.345832,19,835.1857006869327,0.0,9766.15,0.0,0.0
PV Modules Materials,"Cass County, Nebraska",40.935186,-96.345832,20,832.972531734379,0.0,9766.15,0.0,0.0
PV Modules Materials,"Cass County, Nebraska",40.935186,-96.345832,21,1012.4896051010901,0.0,9898.69,0.0,0.0
PV Modules Materials,"Cass County, Nebraska",40.935186,-96.345832,22,1010.0088892880831,0.0,9898.69,0.0,0.0
PV Modules Materials,"Cass County, Nebraska",40.935186,-96.345832,23,1263.2676777447905,0.0,9766.16,0.0,0.0
PV Modules Materials,"Cass County, Nebraska",40.935186,-96.345832,24,1260.3895287351415,0.0,9766.16,0.0,0.0
PV Modules Materials,"Cass County, Nebraska",40.935186,-96.345832,25,1337.8038448117177,0.0,9936.85,0.0,0.0
PV Modules Materials,"Cass County, Nebraska",40.935186,-96.345832,26,1334.9555685294038,0.0,9936.85,0.0,0.0
PV Modules Materials,"Wayne County, North Carolina",35.438992,-78.063174,1,6954.61930638665,0.0,9795.8,0.0,0.0
PV Modules Materials,"Wayne County, North Carolina",35.438992,-78.063174,2,6828.999350125154,0.0,9791.94,0.0,0.0
PV Modules Materials,"Wayne County, North Carolina",35.438992,-78.063174,3,12094.897952235482,0.0,9795.46,0.0,0.0
PV Modules Materials,"Wayne County, North Carolina",35.438992,-78.063174,4,11978.502425136507,0.0,9795.08,0.0,0.0
PV Modules Materials,"Wayne County, North Carolina",35.438992,-78.063174,5,17395.717764210727,0.0,9888.14,0.0,0.0
PV Modules Materials,"Wayne County, North Carolina",35.438992,-78.063174,6,17187.091321850232,0.0,9878.39,0.0,0.0
PV Modules Materials,"Wayne County, North Carolina",35.438992,-78.063174,7,14239.37656947728,0.0,9652.97,0.0,0.0
PV Modules Materials,"Wayne County, North Carolina",35.438992,-78.063174,8,14113.235189762394,0.0,9651.19,0.0,0.0
PV Modules Materials,"Wayne County, North Carolina",35.438992,-78.063174,9,96003.68931443268,0.0,9942.09,0.0,0.0
PV Modules Materials,"Wayne County, North Carolina",35.438992,-78.063174,10,95530.7329284607,0.0,9940.53,0.0,0.0
PV Modules Materials,"Wayne County, North Carolina",35.438992,-78.063174,11,146582.6379388241,0.0,9897.44,0.0,0.0
PV Modules Materials,"Wayne County, North Carolina",35.438992,-78.063174,12,146006.1509003099,0.0,9897.44,0.0,0.0
PV Modules Materials,"Wayne County, North Carolina",35.438992,-78.063174,13,155231.08982211602,0.0,9696.25,0.0,0.0
PV Modules Materials,"Wayne County, North Carolina",35.438992,-78.063174,14,154686.50793218001,0.0,9696.25,0.0,0.0
PV Modules Materials,"Wayne County, North Carolina",35.438992,-78.063174,15,10695.123962802645,0.0,9251.93,0.0,0.0
PV Modules Materials,"Wayne County, North Carolina",35.438992,-78.063174,16,10661.25959579891,0.0,9251.93,0.0,0.0
PV Modules Materials,"Wayne County, North Carolina",35.438992,-78.063174,17,11246.386074384001,0.0,9642.06,0.0,0.0
PV Modules Materials,"Wayne County, North Carolina",35.438992,-78.063174,18,11213.938061650373,0.0,9641.91,0.0,0.0
PV Modules Materials,"Wayne County, North Carolina",35.438992,-78.063174,19,11605.173044408686,0.0,9658.79,0.0,0.0
PV Modules Materials,"Wayne County, North Carolina",35.438992,-78.063174,20,11574.420352342986,0.0,9658.79,0.0,0.0
PV Modules Materials,"Wayne County, North Carolina",35.438992,-78.063174,21,19926.350646895924,0.0,9799.19,0.0,0.0
PV Modules Materials,"Wayne County, North Carolina",35.438992,-78.063174,22,19877.52879934684,0.0,9798.95,0.0,0.0
PV Modules Materials,"Wayne County, North Carolina",35.438992,-78.063174,23,49295.070377069045,0.0,9655.55,0.0,0.0
PV Modules Materials,"Wayne County, North Carolina",35.438992,-78.063174,24,49182.7596130989,0.0,9655.22,0.0,0.0
PV Modules Materials,"Wayne County, North Carolina",35.438992,-78.063174,25,8569.565863560172,0.0,9832.44,0.0,0.0
PV Modules Materials,"Wayne County, North Carolina",35.438992,-78.063174,26,8551.320669174187,0.0,9832.44,0.0,0.0
PV Modules Materials,"Musselshell County, Montana",46.446577,-108.013191,1,89.67634585203031,0.0,10040.51,0.0,0.0
PV Modules Materials,"Musselshell County, Montana",46.446577,-108.013191,2,88.05653919585899,0.0,10036.5,0.0,0.0
PV Modules Materials,"Musselshell County, Montana",46.446577,-108.013191,3,181.34722275847125,0.0,10009.74,0.0,0.0
PV Modules Materials,"Musselshell County, Montana",46.446577,-108.013191,4,179.6020236121646,0.0,10007.02,0.0,0.0
PV Modules Materials,"Musselshell County, Montana",46.446577,-108.013191,5,275.86513367393616,0.0,10099.9,0.0,0.0
PV Modules Materials,"Musselshell County, Montana",46.446577,-108.013191,6,272.55668948153266,0.0,10092.13,0.0,0.0
PV Modules Materials,"Musselshell County, Montana",46.446577,-108.013191,7,320.91220070690287,0.0,9887.67,0.0,0.0
PV Modules Materials,"Musselshell County, Montana",46.446577,-108.013191,8,318.0693580046963,0.0,9887.25,0.0,0.0
PV Modules Materials,"Musselshell County, Montana",46.446577,-108.013191,9,348.5031503969106,0.0,10122.22,0.0,0.0
PV Modules Materials,"Musselshell County, Montana",46.446577,-108.013191,10,346.7862706427197,0.0,10122.16,0.0,0.0
PV Modules Materials,"Musselshell County, Montana",46.446577,-108.013191,11,342.4447139514118,0.0,10077.26,0.0,0.0
PV Modules Materials,"Musselshell County, Montana",46.446577,-108.013191,12,341.0979314007861,0.0,10077.25,0.0,0.0
PV Modules Materials,"Musselshell County, Montana",46.446577,-108.013191,13,203.32095007328732,0.0,9887.41,0.0,0.0
PV Modules Materials,"Musselshell County, Montana",46.446577,-108.013191,14,202.60765927966236,0.0,9887.41,0.0,0.0
PV Modules Materials,"Musselshell County, Montana",46.446577,-108.013191,15,274.3900010493907,0.0,9488.94,0.0,0.0
PV Modules Materials,"Musselshell County, Montana",46.446577,-108.013191,16,273.5211898294358,0.0,9488.94,0.0,0.0
PV Modules Materials,"Musselshell County, Montana",46.446577,-108.013191,17,248.8689074462864,0.0,9861.73,0.0,0.0
PV Modules Materials,"Musselshell County, Montana",46.446577,-108.013191,18,248.1508722103972,0.0,9861.57,0.0,0.0
PV Modules Materials,"Musselshell County, Montana",46.446577,-108.013191,19,211.5105820649259,0.0,9873.29,0.0,0.0
PV Modules Materials,"Musselshell County, Montana",46.446577,-108.013191,20,210.9500975487545,0.0,9873.29,0.0,0.0
PV Modules Materials,"Musselshell County, Montana",46.446577,-108.013191,21,134.13700604955147,0.0,10004.2,0.0,0.0
PV Modules Materials,"Musselshell County, Montana",46.446577,-108.013191,22,133.80835497961445,0.0,10004.2,0.0,0.0
PV Modules Materials,"Musselshell County, Montana",46.446577,-108.013191,23,187.15747314993095,0.0,9864.92,0.0,0.0
PV Modules Materials,"Musselshell County, Montana",46.446577,-108.013191,24,186.73106542535714,0.0,9864.92,0.0,0.0
PV Modules Materials,"Musselshell County, Montana",46.446577,-108.013191,25,197.7132357453637,0.0,10043.99,0.0,0.0
PV Modules Materials,"Musselshell County, Montana",46.446577,-108.013191,26,197.2922906851016,0.0,10043.99,0.0,0.0
PV Modules Materials,"San Diego, California",33.031747,-116.717606,1,39574.23157408565,0.0,10108.04,0.0,0.0
PV Modules Materials,"San Diego, California",33.031747,-116.717606,2,38859.4098102468,0.0,10103.23,0.0,0.0
PV Modules Materials,"San Diego, California",33.031747,-116.717606,3,2624.3687774941277,0.0,10074.74,0.0,0.0
PV Modules Materials,"San Diego, California",33.031747,-116.717606,4,2599.113104534765,0.0,10072.02,0.0,0.0
PV Modules Materials,"San Diego, California",33.031747,-116.717606,5,3983.306397388742,0.0,10146.82,0.0,0.0
PV Modules Materials,"San Diego, California",33.031747,-116.717606,6,3935.534695537572,0.0,10142.72,0.0,0.0
PV Modules Materials,"San Diego, California",33.031747,-116.717606,7,4639.761995420398,0.0,9946.7,0.0,0.0
PV Modules Materials,"San Diego, California",33.031747,-116.717606,8,4598.660056947505,0.0,9946.67,0.0,0.0
PV Modules Materials,"San Diego, California",33.031747,-116.717606,9,2823.5341993896077,0.0,10175.58,0.0,0.0
PV Modules Materials,"San Diego, California",33.031747,-116.717606,10,2809.6242284275763,0.0,10175.58,0.0,0.0
PV Modules Materials,"San Diego, California",33.031747,-116.717606,11,49457.85692559862,0.0,10138.07,0.0,0.0
PV Modules Materials,"San Diego, California",33.031747,-116.717606,12,49263.346758015236,0.0,10138.07,0.0,0.0
PV Modules Materials,"San Diego, California",33.031747,-116.717606,13,1425.0255346677222,0.0,9946.58,0.0,0.0
PV Modules Materials,"San Diego, California",33.031747,-116.717606,14,1420.026258428885,0.0,9946.58,0.0,0.0
PV Modules Materials,"San Diego, California",33.031747,-116.717606,15,3833.1873789394785,0.0,9558.97,0.0,0.0
PV Modules Materials,"San Diego, California",33.031747,-116.717606,16,3821.050215812996,0.0,9558.97,0.0,0.0
PV Modules Materials,"San Diego, California",33.031747,-116.717606,17,3415.0151777509454,0.0,9904.11,0.0,0.0
PV Modules Materials,"San Diego, California",33.031747,-116.717606,18,3405.162194291166,0.0,9903.96,0.0,0.0
PV Modules Materials,"San Diego, California",33.031747,-116.717606,19,2746.9561154669464,0.0,9890.97,0.0,0.0
PV Modules Materials,"San Diego, California",33.031747,-116.717606,20,2739.6769223679976,0.0,9890.97,0.0,0.0
PV Modules Materials,"San Diego, California",33.031747,-116.717606,21,3661.403979777041,0.0,10070.55,0.0,0.0
PV Modules Materials,"San Diego, California",33.031747,-116.717606,22,3652.4331195285213,0.0,10070.55,0.0,0.0
PV Modules Materials,"San Diego, California",33.031747,-116.717606,23,1982.1007076789292,0.0,9879.95,0.0,0.0
PV Modules Materials,"San Diego, California",33.031747,-116.717606,24,1977.5848150543247,0.0,9879.95,0.0,0.0
PV Modules Materials,"San Diego, California",33.031747,-116.717606,25,2445.998648944889,0.0,10043.67,0.0,0.0
PV Modules Materials,"San Diego, California",33.031747,-116.717606,26,2440.7909498002186,0.0,10043.67,0.0,0.0
